9000
1748 7685
2818 4399
7694 9929
6134 9972
6127 7393
3150 3394
5499 7739
3797 5801
129 5049
34 6011
946 9770
1236 2024
3714 6189
742 3736
660 906
528 6732
5493 6368
3887 4620
631 6926
2223 2893
3303 6228
1674 5143
7554 9777
327 3107
1359 5952
74 460
3648 5908
7869 8084
423 2616
2378 9559
1958 9008
1932 4447
1933 5493
8294 8584
262 850
6640 9900
635 5596
2598 3557
2963 7603
3764 6553
1265 5952
1117 7536
1782 1993
1438 9023
1578 7315
803 5333
612 8180
3656 9311
4312 7926
1043 8625
2852 9456
8439 9995
8898 9283
818 9557
522 3513
7091 8154
4667 5968
1530 6932
7247 9336
2272 8750
4046 4343
3121 8793
7413 9181
6460 6965
5182 9733
5799 7188
1816 9414
8897 9651
1942 4739
3319 5633
1546 2173
755 2277
4101 5267
890 3799
5689 8813
5798 9126
843 8901
2367 4119
5933 7093
8755 9288
305 9208
4298 6973
6830 8185
3244 6368
6233 6727
1522 6661
3479 8232
4047 6669
3219 3415
293 1192
2984 7693
7254 9074
2994 5753
3477 3943
1673 7659
2818 7395
1721 6715
4137 4744
1395 2185
2170 6096
3516 8355
2671 7270
7493 9371
2011 3484
2348 5581
7330 7647
1698 2293
3501 4366
9061 9163
8531 8978
105 8155
4387 4415
4492 6494
3634 8865
4129 9515
1496 7101
293 2570
1683 8451
7273 8133
5579 9333
4476 9405
8144 9171
1255 5650
733 7167
2044 4214
4623 6395
4210 7736
3710 3879
1788 3706
3241 7382
748 2464
5325 7475
2461 2717
1748 9109
6330 7839
6830 7209
6946 8585
9393 9572
2692 6799
2118 8862
3811 9129
2533 9057
5946 6830
648 9529
1878 4231
974 1151
2809 4278
392 8218
3741 5624
4990 7916
7139 8157
603 7430
4959 5742
6048 9428
343 4936
761 9949
1344 2112
680 4130
86 9414
6769 8665
1338 2339
313 3120
6394 9635
2559 5780
447 8935
1801 7904
5049 9840
143 2406
7182 7684
2989 5110
564 8363
6240 7575
1998 3552
5795 6723
2571 3163
1251 6785
54 6816
718 7839
9021 9346
217 3033
870 9685
4651 9359
1455 6923
1160 7431
5275 9710
1992 2183
5090 7832
4410 6232
2930 5272
5493 8833
2791 3234
3142 8349
3987 9977
7204 7722
1565 5683
984 1511
1146 5774
1683 4510
4881 7134
1895 3596
4959 9042
1282 7651
2582 5975
549 4800
382 4083
4305 7250
2657 4924
1011 2390
296 8857
5201 8951
4042 8126
1605 2715
8517 9178
875 8561
7221 9490
2787 8287
1688 5620
8425 8676
2132 5388
3179 9634
43 8166
1807 7730
4403 6182
774 3054
3055 5345
3376 4735
3226 9278
4049 4213
2748 8703
1012 2113
139 6918
349 4722
2451 7109
679 3789
5010 8621
8170 8958
289 9748
4762 5089
2396 7378
6239 9975
6745 7096
2271 6714
8031 8452
6456 9025
2294 3001
664 8380
449 4201
1943 8647
1583 3485
450 2286
2681 3046
2397 4184
1977 2881
851 8094
2619 5926
822 4463
4874 9764
7260 9562
9641 9943
5757 6730
3519 5841
2666 3036
2186 8103
9082 9340
1213 2606
3180 5690
6625 9304
7245 8853
781 2021
9754 9879
2884 3212
2304 7412
5101 5568
8767 8827
1134 4359
688 6133
460 9703
7472 8886
8328 9662
4854 5439
5424 6413
1154 8357
6081 9262
3377 8321
4679 5639
3819 8132
3400 6003
7084 9854
1620 4691
1111 5437
5812 6451
728 3742
5989 7037
4981 9733
3030 8861
2331 6879
1218 6639
3805 8474
4315 7695
3263 4398
6 7531
2510 4449
6907 9656
9818 9910
514 2433
404 3184
4452 5651
2456 7545
2495 9663
44 3737
3289 4668
8489 9896
4182 9312
5758 7686
2414 5252
3602 4622
553 3758
293 651
161 781
6730 6846
4016 7072
2150 5200
706 732
2685 9346
7707 8245
658 9025
866 7063
1723 7148
4910 9051
7714 7768
5692 9075
918 7032
7838 9256
462 3388
8100 8379
2546 7290
1030 2555
6684 8830
4172 9321
507 1094
73 5208
7176 9688
5207 8806
6419 9967
3356 8974
4097 5588
2652 9146
985 9104
5386 9014
3307 8220
2927 7685
576 3396
3488 5091
88 8703
3886 7494
4793 6218
4893 7805
1932 5119
243 1068
1472 9449
1959 8703
4397 8438
2322 8967
2121 4508
2479 9978
2670 8049
3062 7565
3472 4710
2939 5803
1199 6332
3250 8762
1846 2859
1022 9808
3007 3604
7024 8260
5505 9223
824 8485
3225 9703
6221 6502
635 6978
3356 9626
1851 1867
2448 6734
2467 4494
845 6504
3767 4000
6229 9218
4355 4470
3677 5751
7815 9583
2321 2982
4552 8163
2961 9462
4788 7150
7112 7275
601 2142
1747 9885
2490 7376
1256 3428
5371 6984
1549 5801
1669 8884
2699 6942
5427 9389
7845 8786
1866 2388
7419 9316
2419 2538
682 4790
5516 9650
2319 7139
3700 8137
3762 7916
3291 7463
856 3589
85 2648
300 1221
6292 9051
2493 7907
664 9726
379 5748
2988 3869
2952 8238
3933 5488
8718 9298
3509 3728
505 2493
2063 8004
7080 8261
4938 5409
3271 7249
7021 8700
1969 7827
5831 6185
7563 7822
306 583
1807 3511
5755 6475
4649 6340
3741 7040
2387 4149
7080 8438
3995 4308
1572 7246
5892 8695
736 2587
344 1655
4912 6191
3252 5912
3665 6047
8476 9741
8150 8755
466 8611
3290 7441
1330 7146
4113 6759
4076 6746
690 7153
873 6978
195 2256
7971 8972
978 7701
3221 7466
3709 6203
6977 9777
1332 9928
5378 6483
479 5063
2037 2435
2117 7797
9468 9904
4626 5404
5884 8597
7464 9591
5373 6473
1548 2682
4621 5483
5234 9764
4466 8873
605 1237
32 4844
790 6025
245 1932
1009 9325
6982 9812
212 5722
2268 2279
1651 7805
524 5263
4789 9596
3154 8159
2724 9791
3140 7751
745 8188
7402 9528
4679 8630
6531 6588
7414 9474
1679 7476
4201 5150
3774 5321
1269 9281
4937 7310
182 8317
3952 4021
879 2364
4374 5090
1332 3823
83 621
889 6608
3785 9964
2653 8922
572 9900
1414 8690
3777 8109
4911 7741
4426 9653
2224 4635
8501 9979
7070 8018
3452 5178
3429 9070
2100 4695
1119 6205
419 2503
3972 5855
5630 5785
2984 5000
3521 4541
4084 5954
2254 9894
2105 3980
3414 4651
1821 7032
1006 1901
5667 7593
1381 7094
5245 7839
4620 4989
549 6826
6886 8565
6259 6369
83 2713
1798 2907
1147 4298
216 5533
5554 9843
490 618
4771 6101
2362 9290
1811 2172
3043 9397
1426 4096
2647 3932
2811 5301
2217 8415
5041 9552
5192 7504
492 4138
2390 2480
137 979
3811 4283
263 8771
5234 8400
1552 2716
1603 8585
2066 9894
149 1612
9299 9866
752 3696
1534 4942
5468 7914
452 5886
6941 7932
930 4279
4150 8707
1704 4907
398 3734
930 5002
6790 8291
6439 8387
67 1631
1598 1783
7074 8656
496 773
498 4311
2223 8419
2855 7824
5814 8517
1609 8228
2708 4749
5370 9636
3293 9789
7049 8820
5288 8752
1303 7179
8828 9273
3470 8490
70 7132
1747 4777
3396 8201
5198 5799
1451 3471
3632 8894
1046 9429
2705 5992
603 9372
1802 2920
1315 7252
133 3396
3817 6170
5186 8063
3936 5788
5000 8845
634 1834
8968 9165
1984 7193
224 5566
413 2835
4458 9894
1630 9510
616 7905
7442 9243
9193 9195
4831 5054
244 1963
611 2602
2046 9926
8036 9966
3402 9778
2228 4126
647 9400
1677 9948
6523 8014
3085 7775
8551 8574
5512 8960
3150 5407
7682 8772
7112 7168
1486 8135
691 1015
6610 7886
8034 8978
2178 5204
3761 8964
24 6474
1133 2252
4378 8137
162 5047
4760 5220
1075 3276
5837 8736
1288 8648
1364 2821
678 8781
2525 8782
1050 6937
1851 4268
4189 9612
6830 7587
1249 7490
1570 7515
4367 7274
5684 8724
3624 5828
102 660
2576 8576
6408 9630
303 2418
4731 5463
4256 6610
5123 6729
6692 9004
718 5181
1765 4445
569 4473
2970 7025
926 9389
1755 2546
2820 3922
5264 6258
8318 9679
6374 8961
3402 8838
641 4852
3439 6858
4135 5293
1726 7802
3020 7424
3324 4085
286 6870
2454 9612
8327 9862
1167 9103
3582 9492
718 8369
6630 6820
4859 8353
2382 9935
1888 6712
80 2705
3939 7538
9489 9919
3849 7248
1683 1827
4501 8268
1986 6523
360 9556
4080 9930
280 2482
4246 6335
1616 2652
7122 9820
2964 8585
1923 7210
5445 7747
2262 3589
4747 8410
1075 7568
997 4392
3928 8109
1384 8497
277 5710
3386 8627
4577 7600
1558 5662
5356 5784
5321 7207
8385 8883
1348 6244
4475 7038
3791 8645
7220 9941
1439 6926
3825 4969
986 2717
3312 8490
7811 9900
2518 6202
8131 9440
94 9522
4828 5806
2738 7828
559 8617
3531 6834
5207 5710
5261 6197
1041 8195
2158 6249
4330 5586
2810 8449
7585 8840
2474 7832
5231 6231
114 7463
2483 7202
3078 6484
1517 5379
446 2068
8197 8722
191 2850
393 4273
5835 7606
7647 7833
243 4335
2827 3771
1149 4912
5598 7851
1103 2474
1697 8399
663 3714
3370 6644
1025 8547
3571 6163
3037 4869
3409 8967
3893 6349
831 5195
6328 6763
6198 9674
771 9386
3492 7306
5534 8032
7082 8434
2529 9352
1200 6112
1254 5227
414 1809
110 7760
2681 7397
1195 2110
6350 6737
259 6503
5643 7624
4814 7780
869 7685
6667 8328
6752 6920
2839 5570
770 6045
3488 5030
1066 9333
4835 7701
2970 7606
528 2588
4396 9243
3321 6736
448 2326
914 4514
5604 6624
4476 6126
1375 7688
3698 5896
6903 7233
5010 5844
1068 2234
4296 9250
3068 8772
5628 9293
126 6719
5540 7120
3141 7651
3450 5724
4237 9185
6672 8643
9513 9516
4637 5817
285 8211
6684 9251
5064 8946
3980 8751
383 6345
1605 6181
934 3373
2132 7585
4127 5571
2655 3398
2843 3275
3546 7622
6368 7590
1041 9784
6314 8095
754 6444
917 6902
1895 6829
3463 6251
4923 7797
6871 9832
72 6235
1732 8960
2278 3823
317 2736
7006 7659
3726 8510
1142 5881
6411 9777
1886 2332
4696 6687
1877 5157
1402 7978
1659 4716
226 8435
2819 4764
6066 7788
96 590
1882 5508
3849 8601
733 2037
470 4443
931 4247
3255 6460
257 1861
4263 6442
2350 2547
2412 4972
641 3280
5672 8507
5753 9685
3420 7823
993 2872
6139 6485
230 2006
141 9897
2724 5210
8002 9540
1612 9081
7124 9676
1830 5911
1911 7584
6786 9858
8244 8813
5738 9635
2141 2988
795 8266
8436 8823
94 9544
5053 8759
2281 6061
2830 3876
4347 6059
292 9890
1002 2233
3756 7509
6185 8111
2591 8340
2799 9138
4936 8598
6874 8039
2790 2939
6270 8392
1463 4154
493 2951
1764 5512
1032 6895
1259 8376
120 6559
3211 4032
3055 4945
8051 8841
3061 4599
436 4699
194 9215
2203 9248
1495 5684
22 4197
5980 6096
5389 7886
1505 3288
1607 2872
499 6264
3427 9503
7440 8112
4753 5234
617 9089
1963 5559
4332 8609
897 7276
3891 5302
4323 8456
3521 4072
1093 1428
798 2766
1305 5833
4407 6156
3082 7449
469 9401
1739 9279
427 7663
3639 6543
3209 5113
1141 2078
6962 9970
2135 6781
1684 6666
1345 7822
5404 7208
3042 8101
4822 9648
138 816
951 4966
5040 5983
1648 1949
4765 8198
5128 6550
1958 7897
500 2056
1044 6103
5472 7106
173 9009
7681 7881
2536 8520
164 5563
3043 4253
3854 6658
3468 9613
5088 5586
6791 7242
1878 7691
4130 9295
3108 5806
5945 6386
627 9717
3543 9704
921 3466
3650 5066
2524 8945
5552 5605
2786 3851
1020 6257
2945 4302
1274 7885
460 8670
3440 8711
3924 8852
1076 5464
8689 9182
1311 8082
2430 8616
1173 4162
3060 4795
737 1945
2972 5480
2867 3610
4802 8164
2220 2401
7275 9544
2412 9572
2981 8898
4814 5948
7399 8654
587 1205
3766 7326
664 7697
3864 9428
4692 5107
677 2935
2908 8143
1842 5000
5554 8655
5673 7902
7103 9240
1429 7133
1831 3911
5413 6673
5849 7024
555 6318
4589 9970
2501 5521
1562 5844
6401 6941
3509 9359
4706 9238
2154 8843
2039 9381
33 5443
1583 9017
2710 9529
4952 9636
3023 7588
1171 4974
2027 7052
603 3864
1472 2299
5898 8019
3206 3355
2397 8571
5681 6006
4290 5538
7128 7167
301 9326
3384 9769
3720 8405
3827 4834
2184 4658
1896 2202
688 2522
1172 6738
1361 4847
205 5577
816 4874
6269 6429
1652 4696
6903 8432
1945 8599
3183 9584
8896 9231
1520 7208
578 9800
843 6798
4856 9006
7694 9881
5436 7730
4191 7253
1238 6823
4484 6791
7931 8609
4065 5549
1985 6987
8504 9039
4788 6123
2549 7290
7418 8176
444 4234
3298 5382
6081 7604
2183 9838
723 8873
1034 2447
4756 8850
6502 7440
7393 8850
251 3905
2063 9048
718 4310
5455 9333
2943 9660
853 7942
6796 9455
589 3907
2626 5116
2328 8237
1330 5053
6183 8781
267 5175
1975 9177
3033 5685
7570 8098
4416 9006
7331 8784
6255 9414
3268 5175
5383 5717
2155 7451
2576 9799
5234 6972
6351 8178
919 4480
885 3601
3454 7283
5739 7590
5448 7131
743 2386
1415 8684
3097 7465
686 3345
2063 8812
7132 8300
2603 9443
7373 8867
7915 9704
2190 6822
1012 3878
4554 4798
5546 6186
3742 3837
3029 4469
3223 4884
4390 7652
517 959
664 2466
2801 8705
1979 9678
325 3538
54 9974
2758 6253
2874 5192
5256 6080
9559 9850
1587 4694
5215 5338
4003 9196
8215 9260
975 4394
6199 6558
42 1966
5416 8791
4649 5121
1945 7623
4135 7722
4115 5417
7128 7232
6998 9703
3507 4667
1361 6784
5060 9834
7074 8597
1456 6348
9112 9744
3243 3899
1868 5545
5519 6116
459 2984
1214 1629
3866 6615
3348 6630
3230 8084
3095 7675
514 4697
2421 2816
1173 6418
4837 8107
1575 3186
690 1489
2989 7618
5733 7960
2335 8504
679 7065
863 2298
2989 9370
2521 9965
7596 8186
2593 3370
1536 7015
2138 3522
1886 4046
3647 5609
4800 7078
1479 5579
1406 9442
9762 9990
3948 5597
2739 8357
3806 4878
5685 6923
4427 6951
512 5276
4644 6936
802 5662
6217 9713
3234 5106
1168 8052
7590 9626
4454 9419
5514 6864
1749 6704
2262 4647
1472 2682
1197 5838
5570 8592
196 7711
2653 7718
3382 4815
30 8382
1066 6643
3490 6235
7773 9803
3729 9565
1803 7479
7805 8444
1994 5417
6129 9245
5201 5454
1909 7634
2923 3109
5076 8333
947 5543
5320 8560
1192 5958
8934 9492
1117 2628
2548 4307
149 7673
4594 9010
1507 7691
342 2548
2349 5520
6351 9754
3186 8771
1791 6606
1388 7271
2921 4923
1286 6116
261 4853
2998 6837
225 7409
4237 4642
979 3539
1374 5606
548 9306
2055 8344
5367 8963
2859 6761
3082 9004
7271 8609
5877 7954
2634 9656
6270 8782
494 3613
2142 5839
898 5850
311 973
4782 8108
2261 8678
279 9576
402 3666
1980 2311
339 8138
1795 2270
5595 8774
3635 6799
669 7448
7471 8236
5926 9831
8915 9380
1051 6669
8135 8879
1479 2099
5598 6377
4221 5363
2158 7363
5478 9763
6302 9235
2885 5595
7090 8836
734 1109
1139 9106
1366 5797
291 2480
1695 4729
8397 9808
897 2163
3993 4243
4514 9385
7984 9205
1058 8927
1211 7383
2318 8330
3575 9838
1604 4418
2851 9081
1393 7776
5157 9684
602 5980
2698 9486
5053 8780
3395 8573
3773 4287
4105 9188
3045 9084
114 7159
543 5046
5974 8011
5124 9827
1485 6168
2499 8451
8758 9745
6680 9765
8497 9601
5826 8127
299 2698
4137 9441
2514 6242
2948 3643
2297 4080
1446 8262
6136 8183
2530 4695
3351 6585
568 9376
2334 4662
1521 5156
4228 8039
6829 7267
4296 5892
1728 8678
7451 7847
6701 9472
5924 6684
1052 1248
472 3518
6335 8453
3165 9078
1031 4592
195 7985
6705 8673
3670 7745
1298 8422
6801 8425
5929 9499
5639 9037
4834 9499
5675 8691
1628 7861
637 4611
4553 4619
2485 8341
4484 7254
1871 6039
252 6121
5678 6204
2540 8203
3841 5234
2115 8379
5597 5939
584 1421
2457 4790
3319 9850
3071 5078
1421 3738
2867 9825
3654 6304
153 7830
1882 8154
6324 7354
1018 8600
5087 9110
7092 8014
697 9902
3429 5483
80 2045
5422 6986
3913 9239
1970 9182
4074 5714
3939 8969
2452 4522
3561 6527
4420 8896
8085 9002
6653 8299
234 595
5080 7145
120 878
1247 5180
190 1932
4876 8219
3853 7386
144 4647
660 9460
4099 5056
826 1918
1564 2304
2433 7938
5377 7745
2169 2704
8479 9001
1907 2816
2642 8903
1999 5201
3905 8538
2387 9481
2888 6623
5095 8730
1729 8123
773 6962
1301 5153
1848 4102
187 2711
2574 7187
7009 7686
2340 6260
2735 3010
6224 9842
5673 9476
2491 4076
3622 3690
3846 9877
1659 3557
3855 4279
7082 8389
7392 7741
2245 4368
1345 5358
3535 5835
1745 7718
4666 8721
4294 4308
7617 8681
5434 7855
1105 6728
74 9318
4080 5013
8476 8865
1100 8310
821 979
7150 9124
3982 4637
1182 5475
2433 3445
4318 5974
4400 5970
3644 9731
653 7868
450 5528
2717 7699
7660 9041
5936 7082
3383 3981
2970 6548
3754 9751
531 3460
5124 8328
6961 7757
2902 5059
1279 2780
864 8073
4969 6266
715 5885
2552 8263
1859 7797
1129 5895
899 1940
1124 1804
5282 8542
1409 1858
220 3493
2662 9096
2115 6328
5930 9016
3141 4607
1328 9081
3679 6659
8054 9831
3884 8053
620 1963
4566 7797
2477 5383
8580 9331
2847 3136
2574 5259
269 8426
3919 9954
3032 7780
4655 8443
3546 5948
6924 9740
8282 8658
2697 8453
6033 6777
2279 3849
7185 8435
3631 5348
1357 5416
3320 7074
3479 7446
3429 5491
1384 6941
194 4326
1326 7144
411 9952
1141 4492
5009 5284
5871 7064
6399 9045
8246 8583
2768 7897
682 7746
5069 7808
3856 7224
5680 8884
8565 8803
1099 6048
266 344
6945 7382
2632 5006
6217 7373
544 2595
583 765
5117 5387
1221 2276
8196 8583
6407 6521
2279 4881
1302 4518
4841 6666
8476 9717
3308 3737
2530 5872
8831 9283
6012 6492
2168 6626
1898 2991
4475 8145
3093 6406
1313 5625
4123 8580
5196 5554
1183 9907
5793 9993
4731 5323
6171 8408
7716 8076
3226 7326
2350 5574
294 7433
5737 8730
1213 3534
6213 8015
2044 9944
5178 8699
8154 8866
2784 6524
9718 9903
3340 5858
4348 6325
888 7032
1668 2258
3136 3443
4696 7936
3265 8739
2868 7774
2168 2304
5503 6969
380 9674
2404 9153
6888 8239
8461 8988
2899 3911
5711 7140
851 9118
974 8159
3771 9085
7419 8709
3537 5467
4255 4530
274 3331
5186 8645
5302 8611
1104 8674
3319 4670
5454 9586
3975 7187
847 5362
1097 4196
571 5634
4734 7662
3190 5801
3877 4599
1376 2926
4081 7594
2587 5669
1218 1858
1669 4290
2689 4916
7079 8680
164 214
573 7535
3822 4848
494 7178
5192 5252
6576 6698
511 2426
3804 3894
1298 8983
3181 4922
7034 9224
2381 3912
8095 9184
1628 4147
2803 9730
3374 6340
674 6429
2381 3351
877 2311
7498 8435
3975 9306
8214 8476
2045 3009
10 5938
789 7675
4084 8053
1762 2262
3459 5938
6938 8961
3268 5103
1920 9784
680 9354
3300 7963
1412 7533
4812 6513
5512 6352
357 412
1023 5086
5563 7827
986 9846
5415 8225
452 1374
658 8105
2028 7616
5611 7738
148 614
3999 9555
909 6429
2986 5445
2651 4670
3159 3630
512 7562
2186 2534
2179 4638
1638 4144
1363 7352
4088 7695
2361 8519
7566 8789
2880 4591
4032 9852
1281 8007
1175 9840
6534 6609
4896 8965
6725 9781
547 2616
1320 7934
5637 9505
6971 7399
5183 9718
2416 6193
6869 7050
2293 2851
658 8670
829 3070
1567 4628
2686 9674
8890 9825
7514 9445
769 3087
383 3448
3584 4566
1663 2550
6169 9042
4530 4632
2786 9347
1082 2964
7329 9819
5262 7374
810 5841
3276 4313
4040 8260
6331 9107
8372 8472
2548 8602
5181 6618
5323 7461
707 9380
7054 8124
6019 7414
5807 9019
186 8135
5241 5332
1007 2521
9746 9966
2747 8987
1103 3913
4857 5235
1224 1604
1585 4033
3476 3729
1733 8362
4149 9912
3322 6973
6191 7166
1467 5910
1742 1933
5958 6064
5421 6232
5565 7468
6486 8474
4841 5050
1266 2679
5428 9475
5164 8708
5095 7365
4826 4956
5687 8482
2873 3616
2085 8404
1317 4153
1539 5335
7020 7735
3028 5991
9337 9944
2757 9520
6027 6949
6342 8161
2646 4304
6053 8336
3725 9895
2758 2894
351 5526
3837 6832
4280 7656
3676 9755
8404 9266
4085 5028
472 7194
1770 2864
1742 3985
8686 8786
7422 7551
4509 7534
128 220
5153 7239
5214 8322
2734 6837
1239 1918
5414 9087
462 8126
4488 7999
7930 9673
2216 4999
5279 8021
4814 6596
1190 9904
2773 3560
6005 6428
990 2442
1675 7416
2242 6803
436 4902
5671 6059
9441 9547
1590 4283
2680 4153
7875 9093
3257 6876
6943 7151
5588 9773
5660 8452
4614 8073
4950 9811
1094 9324
1374 7369
432 5446
1285 4080
976 7158
2526 6767
4249 9555
1626 1780
5199 7360
4281 5530
3366 7730
6618 8434
4386 8202
667 8804
7208 7865
645 8937
1972 4795
464 9030
4160 7034
1422 4495
793 5432
7777 8634
2625 7534
3126 9644
7011 8852
1808 8467
3135 4480
5360 9628
4818 7607
7430 7937
6209 8904
4892 9249
3 5825
2960 8651
7056 8403
539 2526
301 8784
10 3647
5843 9180
1075 5153
3206 4184
958 5016
4751 9120
4446 7989
2797 4834
5049 5756
1508 2241
8195 8309
230 678
4117 9951
411 9415
3108 3333
3063 9999
7750 8413
321 4021
1170 5457
9399 9827
2230 7991
6129 7175
2804 4500
1319 8643
3448 7355
5406 8260
1231 2972
4506 8342
8040 9491
2122 6356
4995 5043
1297 6776
5518 9452
1034 2645
1277 9636
5716 8220
2569 4405
6722 9160
1520 6311
686 9117
6134 9861
2089 3507
3120 8210
238 6522
4712 5935
5714 6880
6864 9363
3575 8788
3583 9012
1161 9086
135 1101
2654 3173
2626 8998
7232 8214
5908 8521
869 2187
531 5067
5622 7718
2605 5518
4314 7439
5058 6477
7674 9632
488 6106
1568 7713
747 2514
2441 5031
5908 7225
3091 4951
974 4064
240 9921
5443 7768
5570 6900
5236 6431
3540 4133
4604 8576
3681 6029
4414 8615
4642 6498
7061 9739
652 7957
1291 3944
4286 7541
4314 6048
6375 9920
901 1764
5291 6036
3014 9205
4046 5196
628 8936
4152 7823
2165 7122
5916 8899
2200 9133
4049 6108
3588 7354
5967 6731
2779 3554
2119 8921
5260 7848
1843 8276
1246 2987
1168 2612
1206 3421
3475 9569
3030 6241
3041 8726
4624 6330
1106 2589
2658 5201
840 9395
3520 7964
1049 8178
5853 9208
2151 2823
7285 9230
3647 9670
2378 4814
6677 8563
5169 9949
2953 6536
1694 4961
73 4112
5095 8073
5757 7993
539 5091
1828 6077
1653 1714
253 785
5253 8733
451 5237
1716 2511
1257 3643
3142 8790
1646 8069
6555 8775
126 3083
9325 9670
1905 9971
2234 6014
1884 6842
9776 9855
3875 9340
3633 5092
1191 9904
2101 2861
2564 4185
4634 8808
7822 8221
1060 3684
5749 6560
2689 5755
724 6617
7396 7787
3151 3910
506 9220
1871 5003
621 1211
6247 8384
907 5108
6177 8278
3205 8173
7303 7985
134 9351
579 634
1394 8641
4005 5747
1453 4465
3300 3945
6125 9744
1680 3841
6121 6306
2052 5210
8100 8773
3312 6019
8013 8602
4368 9247
2910 4916
405 9650
4221 8278
433 7315
5915 9317
2522 9729
3120 9629
4366 7788
869 4460
4656 4659
1145 1749
1731 8531
2451 4787
4178 8851
5613 7042
891 4090
6577 9728
3407 4041
2587 7320
5405 7661
1216 5412
2073 8411
1467 9745
121 5865
959 3674
28 6710
37 813
6122 6429
2394 5668
4858 7375
4920 7078
1475 8141
1617 3609
30 3976
3244 9421
424 7156
1014 3204
3503 3648
4808 5245
1022 9844
2593 6153
7232 7591
1481 6673
9220 9997
800 3350
1240 9605
1928 5101
2817 8817
5143 6845
833 1592
2479 6114
2200 7438
3947 7062
613 7709
5675 7563
1877 2677
2918 9670
1194 3746
3144 8170
2294 9463
1413 7799
6636 8492
72 6932
60 9652
1098 6201
7880 9618
2891 7000
2730 8484
418 1292
5343 8442
8258 8673
368 5410
1344 7153
331 9498
4295 5473
3899 5875
6614 8498
1464 4645
668 4252
864 3484
5620 7486
4856 9387
4146 4929
3880 7161
1011 7674
2025 3498
2052 7796
1598 2309
1500 2500
3975 7821
6042 8067
3312 5644
3805 8490
3591 9571
4512 9465
4322 9019
774 4266
2328 5285
3011 4223
2384 7707
2428 4469
2878 3164
1977 9989
862 4967
6142 7796
7049 9694
3199 5684
2546 3995
8896 9858
2732 6493
5911 8511
4 7179
2618 8130
7366 8469
5240 6211
3026 5940
3075 7965
942 2130
2978 8210
5942 7073
6215 8882
280 2213
575 8660
1072 8202
6762 8313
3782 5317
5083 9906
1906 2148
4525 7307
7394 9439
7905 8581
7246 8219
4528 9875
4854 5667
2126 7070
6194 7153
507 2001
4036 8800
6672 7331
1846 6390
5002 6595
667 4609
1402 7426
7881 8051
3530 6417
3461 5503
5071 6558
2389 7193
6711 6930
136 8257
4223 8076
1172 5821
2194 2839
3030 4099
4536 7128
5023 5195
5110 7918
4909 6876
7603 9437
4906 7963
5233 7192
2199 6694
2217 2797
2444 5579
4063 5892
3107 4504
1832 6029
3 3986
670 5347
7796 8324
3971 6603
6143 8285
18 3622
4306 5237
5915 8755
340 5899
3927 6023
72 5996
2868 7820
1732 7876
7209 7651
5505 6074
2882 9317
8245 9464
4346 9051
925 4676
4641 8095
5564 5942
3949 5668
4665 7200
2632 8814
7967 8189
209 3069
1899 6588
3422 5476
749 5714
3530 7362
738 794
657 4265
1540 2381
996 5970
240 2759
2089 6244
3963 6958
1867 8069
6042 6426
5278 9387
16 5305
3591 4710
1034 9236
7 6875
3365 9625
5131 5552
2380 7656
6200 8868
1208 9253
4382 7168
4498 5097
6939 9278
555 1991
897 2090
4949 7391
4613 6526
196 6733
1620 8539
1078 9590
7974 9348
1576 9089
3364 3449
620 4109
3826 7339
8859 9072
2307 6093
289 1472
4338 8328
1802 5830
2747 5527
5500 6782
1960 4815
96 2053
6565 8804
3957 7334
3437 7317
5068 8165
4067 6741
4993 6626
480 8113
5202 7312
2500 9193
1769 1778
3169 9189
3550 7827
6486 7086
3414 4292
6205 9175
3551 8574
3385 4818
2410 6017
2407 7464
6280 8173
306 9536
5649 7687
497 7535
2466 5673
2548 4930
4778 5961
1831 4786
1824 7065
2272 7733
2213 4358
1114 8635
2117 5972
993 4661
6503 7065
4398 8177
582 5732
4804 5090
3726 9906
1829 5056
5394 9109
1202 3486
4288 5346
491 2798
4453 7122
2669 9349
296 4165
523 1972
2950 5452
2412 5641
1183 1349
1282 5207
224 9044
3213 4974
561 5066
2129 8423
2978 5263
3841 7735
5547 6728
4199 9517
1742 2497
1688 7996
8429 9032
2642 6402
5314 9665
2921 6927
1690 9119
4164 8651
712 8264
4852 9180
2808 6713
2330 8248
691 4141
2369 4877
1014 6410
7143 9783
2958 8825
1861 9814
4060 9504
151 2627
3512 5605
1183 3358
6069 6802
3093 7944
1607 9468
966 4384
6638 8996
1783 6602
2501 6607
1490 3463
763 4916
1926 3417
3744 7261
1038 5608
1803 9627
8651 9812
2838 3239
795 5032
4450 7290
1220 5186
2175 2659
4105 7140
1943 4977
5875 8368
4147 7259
7689 9350
8125 8681
4917 6790
3144 7182
1504 6809
565 3113
1984 5240
5373 8925
5494 9603
6128 9528
3580 8961
1931 9189
910 7793
8349 9698
2886 5855
7219 7910
785 4339
458 2183
1039 3642
6092 8840
21 712
4444 8780
8536 9693
7444 9808
3759 9505
153 3832
4459 7931
694 9100
1899 4329
7209 8108
3917 4749
4340 8055
4558 8539
1155 5124
1323 5592
164 4559
3884 7188
1504 9926
543 2560
5005 5100
4178 7027
1085 2793
3628 9831
3062 3764
5997 6804
1723 2128
4963 6938
1507 9356
2452 4055
1594 4810
1795 4432
6563 7623
424 2422
969 5539
3325 7225
253 7958
3702 6327
274 6808
1300 2166
4610 4854
1533 6856
7415 9997
3762 9253
4531 9660
1427 1730
7210 7461
2000 7262
8143 8922
1512 4873
4831 6630
1672 6219
401 9444
160 6104
8339 9402
2042 4322
4909 8464
7519 9570
3771 5454
1134 8530
3738 4688
7324 9822
3880 9002
5023 7231
1399 5465
3115 7404
1126 3548
7854 9610
2702 6730
2834 6619
1943 8071
3685 9668
919 6435
6963 7094
2940 6930
6419 9774
2428 8757
3286 9162
9825 9995
4501 8106
4351 8592
6882 9015
674 4962
3501 7179
2760 7774
5644 9804
2773 5709
3794 8481
4773 9077
371 1293
5720 7278
2838 6518
1471 3488
574 2213
2742 8329
2455 9391
7494 7778
3699 4341
1209 4231
1944 9571
1753 7725
4098 4699
1123 3747
2894 7817
2005 7948
1653 2989
4884 6144
1201 7881
3182 5405
882 8791
1106 4265
3163 7098
7071 8727
8229 9641
1876 8211
2566 9253
5975 7466
818 8369
2157 5111
2758 4893
5701 8667
512 3073
1485 1758
1006 7646
386 1124
1714 6320
5775 6970
9544 9547
8656 9807
5253 9736
1763 2124
2150 9670
4680 6352
9517 9900
49 6834
3369 7189
4220 7442
6473 6740
2196 5529
370 2449
6810 8767
375 4320
4928 7253
6344 7834
2706 7923
5541 8022
4250 9942
5197 6222
2024 6621
4429 8990
4062 7437
2426 5912
2524 5210
461 2820
2535 8508
4377 7251
3869 8953
3309 4008
3461 5307
2106 6779
2053 7201
387 2708
288 4165
2455 7017
6473 7404
1442 3270
1221 1516
5407 6615
2125 9568
6217 7699
3024 9382
2024 2740
114 3951
2367 6802
7289 8717
880 9083
897 4492
3072 5700
7224 8543
7471 9407
1633 2557
1740 5519
4801 7183
2312 4888
2271 9692
8991 9437
2318 6323
1410 6535
4590 9039
2953 5003
1509 9578
304 1465
3405 5871
2575 5743
913 2264
3231 6325
9423 9988
1289 9623
2163 4196
374 8211
4258 9144
672 7710
4445 5084
4579 4852
941 7023
3866 3884
6452 8542
958 6255
3039 7227
1973 5280
3849 8580
3684 5687
3956 9436
6964 8592
762 8721
2283 8463
913 9855
555 7451
3187 9623
2185 2624
2906 4519
323 6553
2475 6348
2780 6757
6927 8825
3949 7294
2214 2441
1158 6806
821 7294
7573 8128
393 1760
2683 7791
5871 6358
2670 6777
3567 5264
3682 4359
3590 7443
8632 9926
5033 5281
1278 9502
7214 7981
867 7282
5537 9018
1153 3699
872 4885
1353 2474
5427 8618
3626 6941
7164 7640
4128 6192
361 2875
112 3424
6780 8887
3387 9254
317 6953
6955 8549
8171 9837
6536 8996
2615 8678
1478 9569
4962 6282
3044 5401
2608 5182
1660 5784
6406 8481
6899 9856
2295 2767
8300 9298
1999 9705
2334 4702
5726 9405
1367 9473
1077 1180
1375 5418
106 879
3191 7930
6785 6871
6771 9980
2517 6659
929 4600
1567 7774
1326 3774
1333 9635
5560 8317
1002 4700
5036 7823
4332 7321
848 3038
2041 8133
1943 4143
2616 7858
1032 4709
4366 5799
3053 3961
1723 6984
2992 3938
3335 4355
2425 4324
4975 6523
6854 8854
1801 8967
5138 9853
5079 8000
2896 4603
878 1537
2461 6766
1087 7622
3562 5361
3457 5713
1229 7136
1271 1743
1545 6348
1687 8219
1392 6639
3985 9385
2906 9180
875 6104
2110 2474
3043 6799
4834 9029
6170 6410
417 769
1625 9015
4628 6863
3400 4443
429 6640
3574 4434
4876 6428
1099 3307
4575 4698
5293 5660
118 5034
1619 3897
5065 6914
7431 9513
551 4310
308 9015
3584 5047
1397 9874
3969 4066
1220 8237
1728 5388
4876 9242
1726 7934
1629 7762
1424 8303
4018 4595
1711 7781
7587 9447
3292 5697
4234 8442
6810 7869
649 4146
205 9477
2114 2573
5267 7733
1886 8145
9649 9935
3515 7094
1185 1428
1442 9684
2744 2747
468 9788
8900 9476
356 3807
4378 8038
2607 2656
5934 8387
811 2015
1987 2121
1438 3745
5205 6228
8611 9778
1595 7144
1116 3047
1879 8626
2147 6201
2326 9058
6030 8194
2168 4679
915 1318
2157 7446
1493 9844
7840 8795
6714 7533
3557 5873
7725 9401
7046 9248
2965 4845
2670 6993
3856 4061
1879 8631
2131 6466
11 1884
361 7081
108 5159
8329 9049
3545 8393
1793 6580
4814 8834
469 2170
7660 7735
3029 4739
2713 3228
3214 5911
1135 8251
7484 7490
3905 5665
4564 5395
227 7329
4832 7421
4516 8255
980 2887
5358 8589
8199 9191
2420 4356
1224 3136
131 1131
5493 8178
2472 6911
3787 8270
421 3585
3265 8033
1339 4187
5656 8514
3868 7600
6348 9653
494 1948
4273 9147
2242 9512
1011 3356
3250 8682
2105 9631
2934 3616
7649 9315
3568 4759
308 8803
7157 8175
6889 8907
4917 7916
562 6924
2938 8058
4798 8774
290 6870
5641 6078
3619 9860
1542 5897
5006 5037
2887 5767
1651 7472
5076 7462
8097 9716
2982 8853
1269 4485
967 2471
5437 8320
5665 7862
1715 5597
4580 7395
1689 9635
430 3536
1669 5669
801 9692
5165 8408
3269 4369
2483 8361
2744 7501
9725 9802
8052 9016
9227 9796
4307 5121
5630 8242
6448 8153
6794 9100
3058 6649
4262 4547
5263 5399
639 2764
184 2879
4968 5288
5438 5609
3516 4060
2163 3435
3143 6189
1208 4288
4342 8646
431 4740
2427 8620
3350 9187
326 3301
838 3042
9272 9642
637 892
1105 3514
252 9283
1271 2247
906 7521
2668 6905
2580 7976
1855 5865
630 6038
5189 5733
2093 7744
5873 7668
4395 9426
3474 6981
8951 9690
4951 6046
1849 3589
1876 6928
5119 9212
6322 8662
8779 9204
1101 7267
2385 2427
1241 7316
2578 6004
1357 9480
5036 5857
3393 6483
116 1238
5257 6740
1233 1999
5534 9755
979 2555
1662 7068
5003 7455
548 9665
1374 2047
932 8049
1489 1997
1104 4815
5095 9181
812 3818
2605 9133
2074 6808
1634 7829
4024 7944
1827 6241
91 4402
905 1970
1888 5967
412 5480
1947 6952
5877 6134
3865 8613
3909 8203
591 9452
241 5347
717 5697
1919 6230
3338 6730
6927 9973
3127 3912
1105 9135
5309 6744
6625 9322
3158 6747
5740 7157
377 714
2698 4917
8234 8431
7014 7802
2548 7782
8092 8146
1779 3966
2459 9243
2621 8084
1108 4214
431 5039
1475 4604
318 6785
2285 6679
563 5874
3391 8959
71 5096
626 3040
6491 6686
1847 2015
6786 9056
3096 8516
7173 7285
6496 7949
1558 8578
7255 8350
2551 9036
1704 5911
8878 9102
2306 2618
1826 2903
683 7261
105 4674
2320 7114
561 2872
6575 9470
4547 6673
1876 8077
608 2987
410 7121
8089 8329
361 8253
7891 8489
2008 5562
3527 4398
2338 8995
7413 9599
3079 6085
1307 3857
1441 5449
4792 9481
170 1487
952 7309
7536 8502
4679 9148
488 6521
5655 8581
6846 7828
5103 8190
4578 8589
2872 5812
2412 6692
2863 7877
2361 3467
4326 9500
6899 7117
2298 5998
1710 5126
1446 3161
6794 7879
6119 6500
4696 9060
3947 8658
1051 7777
5432 5710
523 1892
3188 8373
345 4634
1984 9741
2195 6241
5566 9949
308 7756
137 639
3345 9113
325 584
1737 9041
440 3329
1089 5517
286 2518
5961 7917
228 4176
1346 4517
5055 5480
3877 6033
3441 8735
349 7851
3493 7736
4569 7698
4791 7669
1699 8276
6285 7893
93 8087
5718 8981
5592 8930
8131 9456
5054 7274
2310 4578
310 5914
2117 6371
8 3838
3612 6648
5602 7418
2429 9024
777 1431
8038 9784
5181 5313
2837 6766
2491 4512
3430 4298
2917 3859
6931 7847
3588 7699
3076 4266
4042 9576
3776 9363
23 5169
1890 3971
1637 7834
4030 7631
1679 4156
5077 9230
3929 6022
701 6530
4195 8570
2468 3473
1147 3036
2796 6825
6649 8900
5359 8992
2122 8809
2663 4460
4591 6134
2590 3239
7903 8192
1096 8043
1602 8127
2098 8267
4700 4831
639 3982
1359 3454
4222 7973
3899 4632
4019 5638
1891 3830
2239 3371
2215 4789
3172 5177
6438 8522
716 5167
7850 9058
3953 4656
1535 8699
190 4589
3486 9064
7297 8206
5077 7176
6879 7443
1192 1218
5030 5179
3213 8456
687 7813
3345 3370
72 5264
2553 3210
1756 8291
3046 3241
5130 9237
3117 9937
3754 5719
7700 9329
4837 9878
6555 9797
3675 6263
281 9126
750 7002
1981 5078
1777 6384
35 6744
2425 6688
7383 7904
2742 6941
1409 6153
2232 7483
7787 9892
1475 6527
1567 4415
2673 2922
1516 2468
4110 7352
4189 7310
2069 9834
3439 4860
3439 8243
949 4889
4511 9246
224 9183
3144 8793
4013 8756
2494 5526
886 2199
7201 9754
151 2734
5632 6449
6978 7484
1770 4398
172 8874
6949 8862
97 2960
1184 9392
2448 3111
6083 7775
466 2470
35 7792
5664 7130
7708 8500
775 6794
5104 6887
2798 7953
1533 7453
5646 7152
2217 5610
2211 7837
1539 4884
3399 7828
6685 7037
709 3859
554 8520
5593 8969
6539 9425
400 1704
6821 9415
8333 9694
4082 7518
6044 8786
4257 5937
1146 4290
526 7658
6130 8265
2292 5199
1612 9697
5488 6039
8514 9265
1394 9059
713 3062
168 3798
2501 5307
6175 9510
2970 4431
6730 9149
4859 9482
2760 3563
6410 9705
2981 6212
3496 4013
2615 3537
610 8811
958 8119
1656 3276
8257 9586
5569 9973
981 3870
7437 9614
2666 3719
760 1333
2890 9912
1679 4867
2572 7528
279 4505
4655 9059
464 5163
5438 9326
2715 6223
1656 4619
3460 6940
1423 3436
994 5649
4891 9211
642 7562
9509 9811
1433 3217
1332 2755
3127 8878
2104 7802
1749 8164
6190 9182
4886 5510
2463 6180
4431 5001
2800 9206
2628 9973
3354 7856
462 808
3874 4720
6706 9432
255 2595
756 4473
2871 5099
6062 6096
4657 4762
541 2288
5106 9047
99 3569
6262 7572
1711 9509
7776 8188
5714 8931
3276 5344
3695 6338
8583 9000
1089 7184
3074 9637
3338 7285
2385 8920
7020 8816
2063 2270
844 7109
1227 2197
6020 7988
6159 8557
1928 3621
2935 7157
1582 2655
778 3442
4302 8165
4614 7526
3710 7591
555 6106
2519 9519
2227 3929
1736 3621
1776 5343
5296 6827
1110 1808
1031 4848
4776 7650
1243 4547
3479 5597
1723 4195
346 9503
62 5530
3702 7708
8865 9037
106 9319
815 5788
8732 9015
4419 7256
690 4811
3307 6267
952 9460
118 1453
3953 4574
273 8300
3746 6218
3176 7031
4434 6424
5918 8954
1128 2621
678 2109
367 6035
338 8517
7698 8937
2414 4127
3777 8625
3834 6374
788 6793
4971 6708
2071 2480
7572 7969
7026 9279
4011 4838
4832 5896
5559 7177
7921 8501
4887 9402
3534 5308
2935 5658
225 4444
8305 9792
2247 7326
7328 9675
4037 8324
6528 6983
3412 4298
2056 5811
1419 2366
5698 6006
370 5598
2871 8171
1307 4927
1509 6355
2515 9967
3127 5642
992 2200
17 7815
4537 8127
4987 9436
1916 9813
3606 4439
1803 7784
426 1007
7201 9919
828 6428
980 8273
2417 6221
3648 5744
4084 9460
1521 1641
4569 8139
2362 6409
772 5224
5455 9559
3118 8224
3817 9337
2954 9942
7810 8672
6849 6903
3319 7206
1522 3873
4925 7046
1663 2254
2988 9379
506 2748
4185 7252
4871 5857
4277 5354
715 6860
4990 9484
3780 6614
2680 2890
1073 4003
1850 7727
1743 9475
1250 2717
955 8333
5508 8358
1833 8878
2358 2808
3856 9492
2564 4524
3449 8701
3144 5351
4087 7560
3306 9103
1725 5275
2904 8592
4676 6959
1875 9192
820 5894
4620 7786
115 4363
2070 6194
2833 4037
105 5245
3441 6041
5421 9342
2585 7514
431 5422
3446 6144
8074 9472
1763 5171
3453 4654
8825 9707
3512 7162
1510 9063
3707 8299
1291 2029
2821 8270
6507 7249
5713 5985
2158 3534
133 9047
3683 9071
400 9267
7873 8681
5267 6515
1102 7617
761 1806
1001 3191
2077 6433
2755 3342
839 3481
5554 7901
4827 5425
8564 9135
7394 9135
5015 7421
2085 9978
713 5668
189 3888
223 4497
1069 1140
1558 5632
3616 3964
780 8405
1764 7146
2610 4282
114 2097
290 8911
4925 6281
1171 4211
7209 9452
4531 6941
431 8656
243 6249
1350 1689
4176 4509
6213 8623
903 3136
1165 9080
2196 6855
4884 5783
71 7426
249 4619
40 7636
1008 4314
2967 7352
5071 9782
7279 9791
4339 5726
508 4206
2829 7379
7196 9543
5386 8915
1535 3947
1334 1779
2957 7024
1891 3654
1542 2308
4850 8107
4494 6436
145 5216
6865 9040
7149 7673
3136 4667
6382 7493
4735 7221
7205 7701
934 1875
4936 7575
538 8462
6390 7537
618 7078
1361 1620
561 3394
1101 4818
4737 6034
1845 9244
3341 7321
7166 8218
5175 8219
1657 8403
1906 9134
1562 5427
4803 8651
934 3028
7157 8531
4453 8448
1878 3587
4031 4977
1839 5632
942 5417
4421 8389
227 3181
2077 9190
6001 9456
760 8269
7497 8310
6624 9447
4140 8615
4403 4929
7259 9563
3087 7806
2761 7517
5267 7661
1105 7934
830 3524
1409 5500
6224 6429
3325 9450
5128 8781
5894 5995
6885 7974
7331 8431
3514 7502
7363 9391
1002 4232
678 4075
1773 2520
1739 4644
5134 7122
889 3632
994 5520
460 4025
1011 5317
8184 9759
8390 8411
3353 5852
453 7986
3829 7008
2952 8100
5452 6528
2664 5658
2738 7264
747 4130
211 5585
3871 7467
8001 8075
7058 8277
1260 6894
55 505
3617 6333
1534 8594
6835 7417
7134 7826
8449 9378
2455 9091
1029 1579
340 5464
1605 4271
1573 5817
2810 5395
5074 6364
1102 3585
4275 6357
5283 6254
4999 6071
2336 6893
3797 6345
3124 3824
2305 8223
7200 9998
4125 6492
48 3098
2032 7424
967 3219
1485 2639
1663 5460
1771 7010
3526 3957
3490 4146
727 8004
1650 8471
218 1101
6389 9669
4570 8829
486 8908
3526 4746
1254 8914
4568 9297
3895 9489
1757 4090
5960 9961
1974 5742
3093 7393
2901 3467
6501 7448
141 3025
2640 8283
3208 5943
8333 9703
3605 9897
3839 8608
2560 6864
5817 7806
1412 6365
683 6664
161 5318
1155 8547
3586 7045
220 4166
3376 6095
3927 7399
5614 7710
3105 8657
406 8949
1350 3753
5625 8501
2331 8933
2967 6905
2883 7056
1362 1660
2455 5835
1230 7794
4100 4704
4772 7698
5333 8471
7850 9945
4077 8597
188 1792
1917 7227
3850 5882
372 9257
4596 5962
2597 6781
3233 8629
3557 8060
1683 8667
1209 6366
8556 9582
385 7354
6770 8033
5836 7099
2534 9651
2310 8182
2814 6811
3595 7841
1716 1951
4582 7021
1717 9209
5850 8472
5838 9533
2141 5565
313 4542
2328 2957
1968 3930
2252 5404
2952 3588
3208 5194
3857 4290
6161 8909
844 10000
2005 6525
243 4572
7505 9838
9028 9230
3202 5717
1550 2473
4681 8554
4260 4498
6357 8713
2027 2395
1466 3393
9918 9954
1181 2141
2757 3201
5267 6727
5720 7864
3873 7238
248 1700
3372 5429
409 2028
9743 9860
1323 5821
1034 7943
3747 6956
8332 9204
2632 3925
3776 5309
8742 9706
4213 9407
4796 9790
2308 8470
4857 8558
4279 6858
2621 3104
2456 4564
3455 5410
1073 5762
2239 3117
2309 3582
5056 5814
2071 5992
1567 4808
2019 8835
4622 9192
633 4172
1057 9585
2226 9553
1488 8863
2747 6301
3241 3741
3939 6980
5617 7176
474 4277
2840 3173
2219 8167
3500 4344
4716 9833
1290 7272
124 5448
3650 4763
5660 9876
7382 7956
1407 5358
1175 7340
2424 6947
1785 6211
1449 6735
2151 4714
1542 8668
149 4589
98 4811
1260 1761
1890 3235
4957 7603
2659 2812
3273 6916
3151 7971
7552 9032
2000 8552
4327 9712
6154 8521
1936 8080
2048 7186
923 7986
457 7917
3562 8072
6728 9600
3224 7296
4388 9581
256 311
5698 7082
2748 4443
3252 6705
4139 4832
669 5716
5063 8092
700 3603
4613 9348
2772 9174
418 7443
852 3987
1806 2942
3077 3123
5253 9775
698 2923
7 7992
1839 6029
1707 6835
204 1688
1302 8656
2365 9620
2443 8075
874 4423
5004 8372
2301 6152
5888 8996
7124 9964
2598 7800
1182 7603
3921 6288
62 2910
3204 6879
3752 6199
2543 4560
1450 3631
1904 9827
4365 7592
472 5486
1686 3444
4357 9715
4691 5730
4211 8738
1463 3590
8008 8399
730 2917
4452 8230
3464 8132
4929 6933
4187 5854
3812 8665
279 8181
4146 4581
688 9697
2617 9478
1325 7125
1102 2558
1389 4385
4316 8622
2834 6555
5171 5316
2342 7130
4987 6484
1414 4107
2210 7528
1090 9184
492 3405
935 2100
6963 9814
4544 8373
1627 9037
6868 8905
6664 8914
1856 2495
5519 9177
3898 8785
3362 9758
7198 9704
144 494
3157 5972
146 5550
2837 5802
1192 3861
696 5034
884 3291
570 4405
1962 3557
380 426
406 5324
2116 9209
4168 8656
2310 3257
2178 9330
4997 8937
339 3157
2672 5377
2342 6654
3414 4085
5703 6714
4000 9187
614 2467
6521 6841
21 7477
3005 7673
2223 8620
3694 4372
1207 2456
6439 8502
1674 5957
3850 6313
224 8310
2438 5043
2871 4503
4037 5791
1507 6193
1142 3829
320 6257
252 9501
47 5348
1064 7110
3195 5218
3887 9567
2079 4319
969 4449
2588 8146
4048 7138
5850 9761
6474 8297
9874 9925
1616 7542
1415 5094
8062 8635
4145 4749
434 8423
2318 9881
3040 6452
2129 8917
5112 5378
217 4833
57 9269
4581 7331
4003 6065
4799 5065
2544 5353
4626 9856
2284 8904
1464 6267
2867 5315
1677 3477
2253 5482
4726 8595
1942 4031
1609 1894
1017 4920
6348 9659
5626 9364
2396 2935
887 6509
1891 8700
5934 7925
7005 7114
5355 8458
1713 2328
425 7807
3504 5323
5181 8365
4195 5334
851 5814
4231 8388
4069 7865
1373 4011
3188 3475
7363 7420
3426 3774
5667 8430
1079 7740
4090 8340
4428 6657
3355 9330
4058 8768
5049 6678
3348 9559
3932 5100
4776 7520
82 9105
18 5957
4463 8443
4851 5703
7070 9459
4428 5670
1207 4797
4285 9111
2132 6775
780 6592
7604 8301
6989 7505
4515 8024
7417 9052
2869 6475
5533 7727
361 6184
3381 6770
6346 7008
1367 7513
1191 6637
2964 3321
5769 7624
1293 3163
2321 8110
878 8661
277 1578
3301 9676
3135 4390
664 4977
4251 5845
4997 7055
1784 4676
2607 7441
2774 9719
383 7518
1078 3913
4351 4535
1268 1942
4057 9229
597 9731
2577 5291
1472 8327
1487 4838
7345 7957
999 3078
4374 4437
114 4713
732 8796
1299 7015
2204 4993
5911 7450
3364 7360
8890 9522
2045 5888
6270 8349
6513 8538
3932 4571
562 6056
7240 8218
2922 6914
1816 5604
6791 8914
5883 9818
3024 9683
2349 8222
1293 5695
1447 8631
3252 8257
1833 4565
6865 9163
3656 7645
5002 6747
1640 8077
405 8364
4589 5872
1431 6277
2590 5382
8301 9393
639 4179
4586 7361
3688 4347
2655 4476
3361 4152
7156 8927
8465 8727
6608 9937
3862 8985
4772 9907
4901 4907
1154 8824
3921 3923
2535 9385
5741 7859
1514 6740
755 6918
3787 4244
6060 6591
5671 6609
6707 8197
4036 5524
1735 6978
4162 7227
8064 8402
5772 6012
4148 6485
6014 8545
1092 5126
2239 4708
6239 8406
5433 9116
1171 4310
3708 5969
4714 8799
707 6414
6037 9966
8495 9033
3847 7207
3722 6252
6851 9736
5427 7185
1751 9660
906 3046
6206 7139
389 2639
1579 8193
6760 9524
1968 9373
5603 7302
4314 6661
6165 6748
412 6476
5277 8129
5693 8853
4100 6229
6760 8976
7005 9810
640 6586
6860 7390
2582 5624
1725 4947
311 6199
4184 4668
2920 7820
722 4576
7221 9647
2941 8668
234 5286
6670 8001
1631 1919
427 5123
9826 9888
2822 3870
4754 7193
1136 5716
5897 6576
1513 7127
6316 8101
4968 5118
3608 9542
1832 7599
4917 8618
748 3331
3255 9168
1165 1171
3361 5257
5388 8803
4210 9074
4074 7975
680 7781
4609 5238
4165 9710
1338 3488
6784 9249
2822 8089
784 7139
3085 4402
4233 9714
2482 5526
17 9962
4563 6194
1243 1734
382 6056
1208 8507
1998 4311
7798 9795
8680 9737
3052 7614
8320 9995
3841 4917
2609 5534
3236 3617
6003 8784
6969 7544
4704 7856
4847 9022
4956 9040
2416 2943
3791 6186
970 8422
1997 4775
1609 5669
242 1993
6761 7357
277 7825
436 5699
2263 4508
6966 8499
3573 9471
6676 6854
686 3289
1125 1709
3650 8162
1039 7118
4676 7967
7023 9086
6402 9600
1912 9483
6223 6333
993 5280
4632 8236
1334 6244
6179 8330
4345 6129
2691 4250
2473 7564
2547 6051
483 1310
3784 5004
2160 8023
3092 3244
2494 3095
1479 9964
4477 5698
3591 4511
743 7460
2935 7701
1980 9308
864 1244
1834 5700
2234 5919
2154 7830
3095 9656
1553 6939
8465 9963
4657 8066
336 7876
154 715
4401 9567
247 3062
1118 5360
517 6356
4556 6427
4313 4406
6628 8785
756 6370
908 2960
4923 8751
3612 8303
6381 7351
4377 8508
145 1937
1081 5959
1622 8354
557 1373
1282 6684
1676 3840
1041 8027
3216 6840
1044 8254
1887 8852
4400 7262
3979 5897
2199 4627
7830 8781
4640 8137
7318 9347
3079 3794
337 2915
790 9587
2509 6653
3499 7162
5331 6179
5440 8273
3666 9658
5479 9075
5337 5942
3827 9033
1486 5444
1746 7445
4335 7723
1523 8012
2804 2904
1692 2437
533 5685
615 2834
2671 7091
626 4576
563 7492
542 1161
4163 6633
5067 6580
7670 9033
2418 7941
3338 9829
552 2512
1140 2588
3195 8100
1386 7039
3875 5204
5736 6595
574 7563
6206 9888
4483 5728
902 7017
6048 8914
3022 7232
3585 9853
1380 7587
695 1629
689 8188
175 3934
1098 2239
796 4990
734 7800
4257 4683
4554 6803
6943 8410
2019 9796
1096 3001
5696 6291
226 1842
5396 8123
1186 3096
2560 7322
951 9696
3602 5320
2846 9091
2653 7013
4258 7440
3045 6342
4 7999
5693 8829
1997 3797
4572 5134
6525 8588
506 3730
2480 9574
6157 7783
420 8599
2809 6116
6349 8318
5241 6968
2104 6539
2756 8372
615 3216
3136 8726
637 7272
1754 3886
5254 8761
1122 1713
159 2073
438 6779
4134 9841
6931 9901
1096 6594
5160 6625
3318 9047
918 1969
141 8488
2049 4701
2373 8477
3999 9129
5167 6630
4974 8618
2186 9758
3284 6162
4967 9320
1491 6787
2863 7166
1707 3959
6749 7638
2446 4994
4923 7387
2825 3175
1380 8123
785 8356
744 5105
8925 9547
2483 9353
3441 7008
523 2768
1752 7544
669 6821
581 2240
240 2862
2823 6537
5954 8786
8144 9267
8341 9846
4357 7846
4564 9055
3356 5151
1062 4662
2335 4315
5847 7423
433 5667
8916 9318
4537 6282
3718 7942
4839 5971
3123 6294
5405 6602
1662 4273
89 3491
3136 4279
411 8980
3712 8039
1344 6743
7323 8414
3028 7911
3046 6564
4099 9795
1326 5890
2034 9008
140 5076
7505 9576
4897 9820
2473 8916
8951 9435
1931 6394
209 1107
1361 1949
384 602
893 6251
2390 8046
287 2671
4304 6561
1820 5090
3829 4999
2091 8300
1192 8713
3461 4858
303 1612
4023 5987
609 1341
4617 8432
8189 9334
2300 3368
466 9222
8387 8969
4602 7271
1878 6174
4633 5227
1987 8951
2482 7074
1236 5500
4317 9008
5710 7381
2245 7727
2263 3373
5938 8286
1052 1936
6401 6961
6822 9803
4150 5340
2428 5819
204 9831
1431 8179
3873 6478
3970 6780
1610 5884
1492 6134
5201 6902
6274 8314
3597 6522
1228 2921
2187 2235
6702 7168
1407 9518
5475 8340
3397 6270
230 1065
2002 7525
4031 5067
665 4548
2458 3817
607 8317
829 6234
7984 9187
1531 6928
1667 8908
1125 4735
3742 6249
4386 7609
586 7049
1136 2194
4787 7109
5529 7045
2317 5510
8443 9280
2511 6433
185 6952
3206 6066
2683 7406
436 9004
4044 7120
5602 5938
4980 7982
3177 6590
2036 9485
4118 5114
231 8302
5816 8472
2010 5412
3872 5233
6829 8931
3163 9841
6343 9097
74 8720
608 9175
3125 4864
2227 8911
864 3931
1873 3734
1283 3507
7103 7599
6595 8081
1700 3337
369 9273
4964 5707
1098 3408
4756 5591
283 3156
1389 2794
1254 8194
3826 6422
6094 8404
7022 7176
36 4274
4369 9144
929 8002
5174 7421
4569 5581
4192 9007
1526 6857
2318 6683
1994 2231
4064 9122
6325 7044
2822 5230
1453 2562
8428 9515
1534 3802
2993 3475
4235 4514
2200 5214
3424 7820
4854 5960
5904 9861
2884 3669
138 6904
2767 9384
4564 4931
622 7992
2785 9773
3090 5988
904 3840
6380 7734
1302 7272
6132 6722
3195 3386
4855 5476
5126 7706
402 1533
410 4007
2025 7012
781 1642
3745 6875
3361 7212
4767 9241
769 2243
5888 7195
5192 6438
546 4421
1669 9585
1080 3071
1787 7675
3955 9685
6746 9751
91 9264
6180 7446
2615 6127
1370 8728
6185 8071
2786 4211
1406 3243
537 6611
1479 3708
2361 7644
4143 4235
2071 4953
2120 3622
4926 9240
4987 9211
6230 7248
1850 5112
4960 9667
447 7477
3142 3288
994 9800
116 3441
259 6352
6808 9472
7888 9857
89 133
6494 7589
1062 6472
7938 9284
983 3264
6175 7118
3445 5514
73 4596
2075 5391
3435 7393
1598 4183
2293 9122
3980 6175
4013 8124
2887 3353
244 5578
3077 9662
4866 8727
7996 8019
2666 5993
2711 8625
5051 5932
7304 7947
13 814
1486 4350
3423 7315
4799 9971
6305 9695
8209 9111
1959 9757
935 3016
5457 6044
4904 9679
999 1677
5883 7703
768 9057
2237 5051
361 416
7039 8548
7433 9923
153 4574
4559 9837
813 8877
290 6850
4280 5460
3617 5520
208 5852
6528 6814
6112 6580
6969 8267
6370 6750
860 3676
8 5295
2603 2773
2624 8802
2897 9962
920 5210
1480 3373
7544 7905
3358 6046
6554 8566
25 8265
4173 5759
5601 5641
1430 3623
634 5261
1916 4408
1041 4693
1444 4688
5094 7576
4606 9101
1151 8356
5330 9498
4487 5756
7692 9482
5529 7439
3302 8156
2795 5390
649 2521
6936 7609
196 7500
6271 9203
2431 8315
4083 4578
2206 9756
41 4805
3065 7191
249 2998
3545 5301
362 2502
3261 7878
1167 9057
5595 5642
4358 6057
1760 4884
6144 6609
8272 9372
1406 5146
2753 4994
3873 7106
3840 8653
2601 8491
3080 3319
1447 9864
1429 8935
6300 9240
8437 8953
1396 8670
2212 7397
2248 5976
896 2700
7016 9667
5655 6595
2292 3396
4010 4168
8093 8555
43 698
6938 9871
1690 4063
7618 7633
2249 8737
908 3882
3237 7634
3318 9335
7459 9335
2088 2933
5630 9225
4168 4692
1894 3803
806 3047
24 4365
7087 8460
4750 4895
2103 6985
2072 8135
1950 9635
2358 4533
1901 6712
4801 6393
293 4955
4604 8583
2858 4984
2506 4526
6136 7139
2232 3277
6335 7051
6651 9890
3787 7149
165 9966
6793 7715
1219 6887
8214 9378
2208 7225
6338 7907
856 8649
2140 5894
1510 6405
4041 7313
4535 6617
5704 7446
4961 8215
4115 7058
1741 5943
101 7333
52 1830
4400 6219
4909 5464
3993 6078
1563 7195
6057 9682
3716 6305
5423 9398
7791 8274
7709 8704
837 3311
680 4226
1407 3862
2086 2267
1679 4619
4436 6578
2502 6263
5688 9938
175 385
4123 7265
4428 7849
6063 7382
1648 6073
2567 6669
6600 9185
1133 9145
4791 6396
91 9505
6040 9583
4873 5061
5496 5641
7337 8241
926 1012
5449 9845
1658 6665
2661 5631
2764 4130
3492 9742
304 3848
5650 9392
3027 8028
4823 9709
3585 8571
1111 3867
596 9373
2237 2478
6571 8901
4287 6074
1466 7487
2747 3779
1115 8682
265 4865
9032 9590
2855 5463
2385 3601
168 3017
851 7890
6305 9824
2659 7905
7795 9931
1049 3811
256 8455
6779 9143
467 5754
997 6002
2080 6549
203 2128
4358 4858
2757 7544
2390 3616
3037 9185
4723 5270
1457 5386
5407 5564
5879 7338
3651 9268
3155 5800
2015 7994
6586 8537
793 5367
714 1589
598 5662
703 6853
4581 9869
3507 5281
7881 9459
160 1047
3591 5371
6056 6864
5385 9152
5004 8231
472 4413
3398 7051
3571 8292
1136 4006
4993 7277
6759 6854
1159 8908
1313 9740
106 4718
616 2933
1547 3673
7195 7896
1077 5673
4640 8686
2594 4169
2552 4601
1931 7386
3194 7704
3708 8668
2681 7897
1351 4765
1863 5667
60 5875
3442 5710
3081 4896
1146 6137
4885 7806
3814 4104
3457 4613
2259 2896
5939 6153
1085 5930
4200 8813
6390 6665
3768 7949
2499 7279
6049 6056
2149 2152
6562 9714
4099 7073
4582 8470
4156 5014
3849 7657
4259 4363
49 6017
1967 8960
7470 7827
9083 9465
180 6976
7029 7651
2442 7162
6107 8025
571 7343
4525 6747
3879 8787
1047 4621
3175 4503
2128 3756
822 5403
1530 5619
611 7692
6065 7479
2489 8062
735 5604
3638 7301
1502 2892
5229 6806
3873 8329
2 2214
751 2770
6948 9259
1520 6858
5560 9479
3185 5633
701 5473
2891 2902
1551 5812
4225 6868
1464 4331
4909 6696
1547 8357
3938 6251
361 2964
3650 7510
1330 3268
6215 8539
4352 6369
1745 6545
5486 5997
5498 8082
4978 8809
3457 9531
2555 8882
4430 6216
1628 8270
348 907
1182 2705
741 9565
2194 8333
1720 6983
8411 9076
5086 9657
5148 6280
3962 7175
6049 9322
5336 6233
7552 8045
4542 8650
2499 5331
79 8069
3316 5402
472 3485
455 1222
5123 9137
2549 3727
4212 8813
5987 8187
1794 6702
6820 8050
1465 2151
4462 5579
487 1491
3095 5901
4390 7298
6469 8856
3607 6182
8505 9228
2008 2288
6180 8599
410 1217
1505 5408
3993 9449
1635 5429
7492 7746
5074 7610
2865 7848
3096 8949
5992 7901
4811 7849
7413 7588
6341 9242
134 9213
406 3943
462 1277
5572 9064
3882 6408
1758 4416
6307 6712
3599 5524
1638 4463
3216 9956
112 6631
8612 9611
2506 7905
6457 7263
4534 9114
6004 7856
1559 7227
5288 5672
4257 8387
4277 7862
658 6107
2099 9739
4802 9220
6148 6714
965 4046
19 4729
6240 6900
5881 7733
2933 4454
1957 4387
6441 9011
1887 8129
4395 5803
7505 9218
88 7680
4991 9321
3867 6993
5786 6876
1167 2794
7463 9085
2491 6501
7301 7420
3060 3119
4574 8231
1892 4039
1670 7528
4993 6894
636 8314
6833 9332
1189 4975
6964 7243
4407 9002
6927 9006
3126 8179
1264 9337
2240 3176
6394 8462
5934 8945
7116 8593
7688 8085
9642 9971
6178 6521
8392 8749
964 5687
2853 2984
3694 7319
1360 7502
573 5832
327 8658
4848 7159
997 5058
4928 7658
2175 9521
712 6399
584 6962
372 2182
2711 6478
535 9630
1968 6943
1822 8668
559 9864
298 810
248 6137
2176 2858
5208 7475
4143 7346
3737 8800
2475 6999
4043 8104
3733 4988
1970 4510
198 8769
1904 8051
3464 6650
5398 7052
1189 8194
4135 5106
690 8722
530 8394
9410 9886
3382 4041
8337 9865
1318 4989
752 3119
3926 7382
828 1630
5217 9478
2100 8940
6640 8749
2452 2726
4837 6044
3111 9223
3907 9921
155 3452
189 4356
989 4653
4564 4974
1308 4385
5680 7901
1015 8455
2111 7085
592 5257
1322 5019
3041 8549
4497 8771
939 7560
8071 9057
1926 9775
1024 8277
3713 7016
6472 8548
2921 5760
4006 7809
1657 7319
3400 7022
6846 8930
7504 9436
6593 8436
8409 8474
6106 6708
1512 7868
7344 7397
1358 7051
1239 6897
3341 9368
8158 8186
4030 6673
2313 8438
1579 7414
1047 5497
7144 7146
633 7530
6795 8509
4336 6188
3664 8283
9152 9751
6578 9198
3706 8431
1298 1330
6066 6837
2501 8829
2899 6553
5952 7860
205 6784
8369 9108
6195 9284
1184 8259
2626 6096
312 8979
6789 9425
6277 6904
3010 6342
1515 2393
3093 3838
2176 4602
4223 6232
1051 3000
2914 4453
6064 6691
1289 2025
1611 2434
156 3196
2190 5224
3428 6278
2148 4978
2546 5929
1089 3826
975 7368
4580 6622
461 3028
5603 9840
76 8014
2314 6002
4624 5126
3563 7231
575 5163
724 1805
487 6044
6318 7771
4344 7995
5444 9535
5392 8937
2669 8427
8167 8698
3875 4548
3326 5439
489 2412
6329 7353
2050 7617
517 1259
3530 8908
2042 4493
2453 7249
7304 8315
1465 1629
2029 4932
2436 7304
2953 4090
4781 7641
7520 9399
3423 5907
3585 5700
991 4202
5161 6177
1666 7443
7935 9313
867 6548
5314 9376
6035 9808
992 8581
778 9199
8885 9163
4462 5507
1126 4270
2641 5626
3984 7482
485 9746
2722 8352
847 6356
4973 6180
4481 6418
4111 6372
1119 1259
2820 5171
262 979
1174 7611
2177 4329
1845 2376
5202 8668
791 967
475 3964
112 4198
1242 9269
3389 4768
4245 4545
7385 9920
4159 7743
4238 9720
1114 7513
7295 8131
4946 7229
913 1895
1624 4603
6374 7576
1050 9830
2196 2630
516 3148
2052 3052
7747 8698
3010 5159
4136 4516
1665 5891
1934 5810
1846 4926
7775 9547
3512 8245
111 4493
2321 9882
2548 8775
1836 3513
396 3397
4109 7815
476 8693
2101 7425
338 7662
1325 5053
3546 5814
1904 9686
3197 4281
5084 9454
359 2404
803 1941
933 3773
6986 7138
6506 7225
6388 9037
2714 6759
4035 7227
4100 7832
1006 7990
282 5073
1208 1225
5752 7565
2061 8069
5369 8146
2067 8352
1278 2184
8318 9396
3499 7827
5387 8954
29 2751
3079 6544
4321 8741
647 8645
2111 9441
2401 7185
443 5868
7088 8609
3787 4150
1570 9350
888 5418
2343 6742
6121 6156
3205 4499
4638 7321
3765 5348
6666 6952
2056 3073
4044 8613
6815 8762
2664 4317
3195 4562
2514 6032
3480 8381
5487 9542
3366 9965
3829 7033
6480 8975
8733 9951
1810 8683
6306 7434
1406 6884
3012 8079
6359 7824
9101 9819
7279 9504
2306 6044
2053 5733
1266 6317
5150 7754
2835 8481
8452 9205
1736 3908
3804 7260
1316 1543
2931 8470
896 9865
8389 9377
1609 6578
4513 5297
7254 9632
4221 8486
2490 7597
1800 6324
5814 8988
3405 4562
3951 7113
497 1982
3712 4704
59 728
3975 6519
3706 5174
1046 7403
4813 8409
6533 9283
8785 9288
4681 9388
6980 7135
107 5458
3499 6171
5779 9760
1618 3627
1511 2550
2138 8536
1096 8256
4592 6462
2440 6120
7127 8171
5192 5538
399 9048
3354 7142
5209 7819
3416 7769
419 7731
8335 9284
2061 5640
1290 4828
7157 10000
8340 8797
2985 7148
3475 9218
1490 1792
1864 2082
131 7778
1813 8494
6759 7334
1220 8659
1377 4545
2486 3383
7452 8798
7113 9676
8560 9346
736 3272
6621 8769
4858 6153
680 3061
284 8896
1400 3085
1586 6046
5985 9914
696 4443
980 8442
478 4789
2087 8007
5500 5604
351 534
1349 8296
2585 6293
1705 3281
2580 6101
6434 8063
1529 9714
307 3112
4816 6860
6904 7387
3928 9462
923 4780
1047 7620
2514 3114
1233 5064
5881 6264
4074 7136
6635 9821
3621 7451
179 4560
8 8458
96 7862
2282 9548
2280 3423
1557 9785
210 7081
3526 9488
1256 8935
84 5077
119 2504
6627 8880
4684 9974
3050 7129
427 7230
511 3009
2542 9645
2345 4379
4997 8960
137 5493
2436 9675
8598 9477
1705 3558
1411 8153
100 2143
685 1829
6461 9733
1086 5742
2623 7619
1146 4114
1610 8581
6709 9094
1529 2399
67 4432
3282 8847
513 1125
6808 9917
1112 3894
1734 1846
3149 7625
846 3248
4319 9008
4858 9719
1576 3834
1181 2021
4363 9487
2887 7343
1377 3812
3716 8405
2912 6974
4224 6143
2229 8916
3171 8395
1693 5978
880 5771
2806 7351
5918 7549
7426 9490
5562 9898
762 5011
5197 8302
3696 8396
37 4076
5474 6878
4726 8866
992 9336
8725 9419
4405 6720
5019 8476
3763 4837
4371 4957
1063 7372
2598 8290
705 6903
1548 9742
1273 6091
392 8917
2278 3729
4739 7110
710 4644
16 2224
1313 2089
3957 5087
50 5127
766 5831
3425 5755
2348 5149
1689 8253
552 9294
4773 9484
3117 7850
5829 6912
7179 7304
4721 8682
1822 8574
5568 9101
7870 9707
1804 8241
4318 7809
4367 8492
1191 3783
2992 6980
4131 6537
2268 7077
1977 5632
1919 3629
5030 7491
2033 9196
5218 8507
2138 5433
237 637
1254 2099
3575 6394
5488 5920
1284 5881
1855 2927
1982 4578
8499 9857
3824 6993
781 2851
6418 7057
5434 8725
1533 2922
4672 5497
3836 9443
3978 4434
5918 6855
467 526
7832 9876
2147 2549
168 7121
6273 8227
2836 9904
4157 4984
3346 6492
1207 8875
2824 4412
6582 8345
3203 4981
846 6316
356 7661
324 5086
8579 9895
4074 6409
3031 9809
2130 7076
1783 3365
5963 6512
3524 7068
141 2848
4191 7013
1493 5583
3263 9575
4406 5532
7190 8461
3219 6739
2165 4143
4206 5239
2395 9661
345 3903
4727 5033
1026 6925
411 1596
998 5658
1664 3173
720 8316
610 3184
1970 6368
248 669
7613 8461
1209 1619
4279 4694
1666 2461
1586 1786
1035 3802
239 1614
2520 3561
60 215
518 3068
5093 6621
1492 4706
3343 8616
2261 3657
4976 7137
6091 7088
2474 4849
4277 6533
141 6985
2109 2708
6250 9160
3071 9288
1324 4568
502 7740
3922 8447
1797 5432
137 2603
8906 9278
5694 8532
8111 8779
1359 1587
4232 7661
2558 3192
5898 9872
759 6705
1533 2576
684 2332
1634 2335
619 9560
1064 5929
1009 2213
507 2034
4903 5244
2236 9930
2025 3621
3611 8598
8033 9058
6234 8785
331 9802
3396 7671
2264 7097
4924 7207
6723 7961
5786 9516
168 6185
3683 3847
6162 6655
3852 7183
5081 8121
6388 6993
4510 5705
8505 9718
1315 9742
939 6452
290 4890
1747 5429
1434 1598
3551 4273
300 8311
6508 8131
4173 8414
6841 8660
1113 6336
2810 6139
335 5903
5258 6215
657 1850
2082 5265
192 7846
3864 8105
3011 9884
6328 9404
4799 9476
1813 6315
6145 9727
1709 6618
1518 7288
314 8498
999 8219
4545 6517
245 775
6803 7614
2150 5353
5135 5423
4528 9461
4798 9496
2123 3277
7433 7564
6680 9145
7217 9936
4677 9909
845 9913
253 9713
3453 6077
1829 3101
6388 7414
4544 6463
4762 8449
4479 5182
5445 8437
1451 9401
2370 4577
3887 5671
8794 9228
9316 9804
1905 4662
1192 5826
4574 8916
5252 8280
6771 9701
725 2023
7685 8740
53 6315
3323 8085
1674 1965
4948 6687
3561 5038
432 912
3663 9662
2150 3558
755 3019
222 9637
8028 8150
3692 5122
6105 7485
8211 9507
1913 6840
3343 9986
8918 9044
5288 6075
1851 7517
2023 2386
1505 6329
575 9883
257 7817
1336 5206
3294 8106
3826 6742
398 9794
1396 5483
561 750
3039 8702
7333 7921
3445 5641
8838 9044
1021 3573
4366 5965
5940 8112
3471 6011
8067 9240
5997 7183
7854 8216
2389 6581
3878 4092
6152 8438
2955 9702
6871 8792
3095 9010
6159 6866
1935 6718
4319 5157
4105 9200
2641 3431
2988 8127
232 5979
8526 8769
1283 5996
2373 8752
1268 1353
4266 4882
5164 7202
1173 2505
6501 8763
866 8165
5696 6056
84 8426
7423 8818
5009 5967
249 3351
45 4834
177 5623
2539 9951
1143 2693
1328 1401
2554 4221
1481 8287
3337 6936
8968 9194
7000 8827
1816 8207
3574 8745
2151 2502
162 1232
5691 6091
3240 8515
3168 8939
3945 9274
2350 3070
5115 5900
1979 7689
3836 8455
2089 3424
6016 8637
432 3309
236 9024
4268 9652
999 1455
4637 6076
1126 9989
2312 7017
4857 7608
3548 7366
5655 6585
2059 8453
1804 2565
8132 8251
6593 9871
3525 7392
9267 9890
1136 7398
473 4284
1065 8718
1303 2600
3429 9519
1166 5939
1861 9841
94 9239
4090 8673
1042 6642
6523 7785
2882 3124
322 7294
503 7323
1528 1627
1923 5602
2470 8485
6599 7189
4141 6365
1362 6572
2203 3199
1712 5074
2172 2867
5051 6926
4528 5419
1572 3047
1707 6396
5680 5715
3600 9592
3453 7655
1407 9024
4432 4439
8410 9337
4099 9624
8648 9245
4062 9173
7206 9032
2026 8543
8462 8853
8048 8296
279 1550
443 9529
6605 9451
2492 8698
2276 5230
809 4370
4489 9304
1479 6782
2864 6319
4335 7909
3728 9880
3121 5989
483 4450
2487 5504
4914 9431
5849 9553
509 4332
3748 8807
2597 5814
657 1155
3044 5970
675 9694
711 8865
3107 5064
6793 8711
2170 5328
245 9392
4013 5941
2726 7601
1811 8759
5073 9117
8731 9917
4090 8808
224 6570
4143 8389
5638 6244
1213 1243
767 1085
8991 9866
7291 9048
5061 7214
1278 9496
3985 8173
4675 5102
1173 2852
2844 9320
1879 3764
5031 7757
7292 8315
103 2962
7557 7994
211 3749
5361 5457
5251 9687
6400 9525
4561 4827
912 9162
1089 1723
1834 8250
3206 6482
1536 9529
5132 6633
649 2102
6746 7016
6561 7640
5689 8597
7223 7665
5273 5291
2169 6869
6145 6331
8942 9035
6684 7582
2862 4535
6089 6388
433 5730
6000 8916
2764 9275
2389 2455
1986 5690
204 3690
7044 7681
4324 6692
6996 9707
1167 8306
3279 8923
3696 4743
2666 3365
7895 9939
5974 6527
8042 8685
886 3490
4569 7860
2344 2988
4237 9500
3361 5381
1141 4605
2013 6188
3149 8316
5103 5969
190 4872
7618 8845
4218 7288
1469 5565
2795 2838
4339 8556
5210 7972
217 3328
6455 7142
3292 6645
1844 7820
4097 6514
1323 8110
465 6528
3595 5976
8537 8642
4255 5580
5802 7110
529 5854
1322 8770
3418 5604
7282 7926
2971 9892
5757 6571
5857 9126
2041 4925
3588 5116
4502 9633
3764 7358
1441 3863
1281 7858
3402 9832
671 3325
523 7233
3731 9262
2552 3739
7940 8083
3276 6295
3652 9973
8368 8856
3237 5805
2162 8252
2373 3494
8210 9217
672 3723
5223 6236
6926 8317
1903 4452
4953 8767
2661 5949
3535 4582
4375 5435
6309 6964
3146 8482
1902 5933
8742 9689
4271 7854
3867 4700
5549 9158
1013 7998
4805 9037
1993 6701
1631 5543
673 6999
1183 1900
3594 4279
7183 9800
8947 9287
8489 9982
7329 8219
5321 7939
5848 9843
3509 3783
3491 9626
8038 8848
4057 4816
7382 9417
3175 8441
1790 8823
7331 7398
9157 9517
376 7951
5723 9258
4204 6544
8988 9228
7161 9128
1168 5599
1753 4658
3208 8366
1818 4419
34 6236
831 5483
9348 9714
431 7712
391 9546
3806 5746
1824 2368
6524 9659
1723 4514
5304 9151
780 8106
2319 3155
73 1348
1183 5568
779 3686
6626 8624
2937 9583
976 4726
2598 5137
3259 6549
7226 9441
4442 4480
6345 6473
725 1255
3263 3309
2155 2923
5861 5914
1167 2666
3244 9604
2509 8529
3092 5542
3146 5591
5533 6019
6098 6406
5704 6237
665 1730
7815 8272
5946 8787
5755 7056
3101 3114
7119 9275
2501 4032
809 7089
5437 7358
8427 9942
2146 7502
2184 7382
3684 7303
1345 2342
6648 7359
2895 8231
26 8295
1005 8439
8534 9883
4453 4535
2827 6144
6348 9930
1362 2804
3898 8337
4326 7892
2765 4610
2876 7314
564 5591
2912 9534
1120 7773
1435 6224
5711 9130
4886 9356
1224 5624
2080 5365
8665 9925
1107 4623
2316 3173
9815 9954
2721 9752
1757 4528
2657 3394
3064 4422
9620 9871
3658 6698
5942 9050
2555 6176
749 4937
4001 9431
2019 7520
3358 5303
2367 5791
4078 9705
5277 6522
5087 8692
5922 8159
4671 5712
2756 6337
518 2084
2462 4391
7926 9533
2160 9011
6196 9840
4321 9123
604 7368
1021 1925
3710 9627
8119 9070
3242 9188
7094 7660
3838 8949
6028 8000
2909 4990
52 2363
3962 4085
4250 8493
2181 3928
5044 6431
1640 9217
267 4531
728 2972
3743 6076
6815 7384
716 4245
2403 7009
1749 6305
3454 9096
9359 9843
5504 8160
2626 5801
1884 5467
6807 7477
3910 9043
1800 7669
429 3115
2459 5972
7741 8530
755 7513
2370 9780
2222 8687
4616 5996
4155 7188
372 2175
824 3643
5029 8128
346 4828
7775 8417
5112 6574
7608 8577
8148 9454
1665 9022
2932 4062
3586 5878
3430 9448
79 5640
2002 2755
1495 3191
5934 8167
1909 4124
4981 6315
2267 4873
5881 6180
433 4769
3434 6849
8526 8934
4180 5001
2601 8593
1610 6339
261 2724
1985 5760
1378 2811
984 3885
1151 5692
5988 7550
786 4814
5283 9775
472 3284
3550 5602
6784 7233
1059 7108
4529 8699
1751 7355
1742 4672
4947 7690
5544 7566
4710 5557
6957 8247
93 3188
2194 8419
948 4491
1720 4955
1073 7894
1732 9650
872 7313
1693 6020
2915 5451
4067 7813
1388 6682
4104 6758
6267 8549
1784 5429
6720 9174
3827 6862
6857 6926
187 4200
7284 8120
2602 6788
4671 7189
1165 8793
1352 1629
1928 5079
928 2170
6892 7565
1554 2734
8309 8989
3731 6915
4373 9725
8730 9513
5167 9221
2456 9358
1244 8445
1131 1809
4536 6410
511 4264
4843 6299
4777 9147
7718 8575
3081 8241
1390 3774
6342 7649
8682 8895
964 2968
38 5277
3621 6112
2794 8895
5265 7757
8863 9881
1366 5853
990 3139
3811 3871
2206 5534
2098 3999
3569 8798
380 6303
1230 1705
393 3358
4014 4338
3956 8798
559 2940
1078 4823
1996 2614
7968 8315
9530 9829
2997 3483
724 9455
1049 9099
3323 7131
456 9937
5926 6993
3230 6340
5356 6399
1350 9692
7277 9239
1538 4958
2071 8142
456 7179
2286 3444
365 8453
2082 3853
4866 5129
2070 8869
513 9184
4572 4918
776 8796
610 4331
7588 7628
416 8098
8033 8129
1729 6982
6023 9406
1733 5206
474 6294
416 4040
5309 5622
10 9041
1561 4459
1808 3325
1166 7192
7103 9957
4028 7975
6656 9281
1801 4326
211 943
6041 8101
5776 7876
3892 8363
951 1470
105 895
1944 9684
5043 6823
3528 8953
1194 7086
4841 9437
2718 5650
5066 7993
806 3339
3783 8176
5384 7942
1746 8296
4907 9103
88 6944
4047 9628
7803 8845
1446 6938
1570 8517
3344 7852
393 2030
4507 4892
3066 5506
4368 8201
5808 9060
7542 8996
457 1394
6522 8672
4087 7095
1303 9839
8485 8771
513 8869
2286 5256
8643 8802
4528 7008
4168 6903
1124 3416
660 2045
390 7430
7066 8896
1539 2960
3196 4492
4917 9079
1655 3398
379 5401
4907 8992
3212 6789
7568 8349
222 293
3631 6720
4173 7459
2285 5257
5900 9742
5665 6493
1096 6206
1313 4542
7243 8138
9292 9396
1967 8277
5336 7096
1218 9850
495 780
6678 9214
4476 9496
246 9091
1488 9766
85 8257
439 3159
4463 5238
452 4796
819 7264
730 8146
293 7143
2533 3484
2969 6396
4364 4976
6266 7285
1998 5628
7300 9393
7161 9656
927 5041
8849 9419
95 2126
108 1532
761 8088
8661 9550
813 2161
1205 3079
1321 2072
3915 6464
4799 9962
558 5436
8033 8272
1830 3265
1461 2346
1820 8399
5260 9424
4956 7788
4835 8342
9476 9955
3623 3658
1789 2706
2576 3659
897 2498
557 5260
3476 5450
7722 9304
6396 6836
3230 8238
1133 2558
400 7712
1241 7042
2651 3539
2628 3995
151 9610
3114 5341
8932 9844
1356 7820
3129 8864
2796 7856
1427 3653
566 6285
6849 8154
3531 7399
6847 8909
1277 7470
5664 6011
9673 9808
2155 4865
1371 2006
1880 7330
535 9985
171 4668
7110 8841
2627 7790
9192 9444
4767 7215
4387 7295
7332 9315
9037 9421
5077 9646
1863 7754
395 9593
1566 3770
1013 9498
3823 8370
8133 9032
1258 6300
5104 6435
166 2715
1763 2010
6394 9698
2786 4493
5278 5474
1979 2871
104 1518
4378 6793
2717 7919
4684 8693
3720 3809
3436 4227
1696 2887
1818 2332
2668 7435
7355 7955
5436 9884
4927 9065
8526 9264
2888 5586
536 3691
1085 7546
936 5033
8860 9732
4998 5045
8143 8526
1228 9107
4288 9192
207 3183
1867 4727
4341 6451
3432 6730
5569 9443
6875 8618
5250 6354
4005 6156
848 7406
2342 3132
5595 7111
3696 5546
2773 3673
1068 5212
2464 6664
4426 8041
3809 4159
367 1363
168 1183
5337 5432
5540 6328
2756 7046
3559 9171
1084 9519
1550 2609
1062 3360
4539 8522
4395 4964
1101 3575
9366 9638
6552 8202
125 3277
667 5014
643 7709
1837 5398
821 6423
3516 7040
4452 5130
4977 5351
827 7522
2752 3680
5103 9373
256 1505
2861 6684
628 2800
6115 8368
1029 4893
504 5114
7695 8905
44 2066
117 3050
5523 9416
6280 8652
805 9913
4338 7880
2351 8430
2447 9694
934 8415
1601 8339
2940 9396
1953 7070
8488 9822
826 1310
3923 4680
3226 5546
1635 9917
5310 7889
3484 4344
812 1639
1700 3928
2080 8798
2841 7396
7609 8312
233 5396
559 2481
2993 9493
698 1005
6177 9425
4190 6447
4305 4826
6617 7070
2195 9826
2684 9941
4937 5425
4814 9795
1036 9676
7144 8994
2856 7784
8067 9173
1630 7266
1210 1392
2330 7766
3473 7064
5419 9746
2795 7643
3410 4343
7693 8759
4051 4857
3676 7699
1726 6802
2176 6084
3067 9800
3090 3321
149 1728
2512 8334
1955 6097
2463 6144
8334 9156
2636 5934
3134 4126
4765 9981
875 9538
2906 6863
8803 9607
1520 3078
3951 5978
7076 7422
2515 9163
9322 9593
2703 7583
1143 6095
4055 4598
1722 5586
321 1482
853 9783
2272 4249
4375 8057
1086 9657
1497 3506
872 8179
332 1783
3641 8044
5912 7824
3635 5303
3050 4800
8683 9759
5047 8617
3613 4578
2070 6545
4313 7684
5713 8603
506 1387
243 4723
390 1863
4571 8988
5035 9618
1040 2773
4061 5102
7928 9898
290 2495
4356 5103
1928 3835
8370 9379
1584 9352
7106 7431
3890 6448
376 8958
360 2898
4617 6637
778 9740
1927 5592
237 9314
2058 6094
1935 5939
557 5404
3802 8233
1565 9352
3957 4013
792 4210
884 1862
8895 9782
4811 9221
739 1870
1772 3968
9017 9282
5665 7497
1186 5277
1340 3426
166 3472
2558 6839
4508 5114
8026 9599
634 8173
4138 6474
4140 6424
3614 3907
1695 9084
4956 8975
1805 3849
4239 7018
254 2545
8685 9057
3734 8029
5130 6827
605 3537
3822 8186
2889 9619
181 827
2518 3926
1411 1432
9510 9642
3311 7544
4790 8507
295 4354
866 9757
1692 3394
2883 3093
514 3945
824 2487
2071 7231
3456 7255
4788 5079
80 8339
4692 6679
7505 8743
1547 6974
619 4182
5468 6050
307 7777
1359 5794
242 2362
602 6129
3827 6222
2005 9267
4310 9834
5313 5899
2356 4210
3220 9665
2810 2899
3006 8297
5624 5878
563 7698
1976 2594
1907 4260
1124 2106
487 4436
8265 8685
33 2782
2544 9034
2979 3553
5970 9021
171 7166
1762 2014
7225 8508
3476 3657
1131 2281
113 2320
708 6178
6087 9195
7947 8210
725 9121
5703 7352
2432 8174
614 5745
3254 7470
4392 9502
4850 6977
3304 5630
1474 5712
4183 5300
1608 4303
6903 8516
8709 8888
7542 9126
1897 7632
3780 8115
3477 5880
3777 6097
5022 8651
151 8205
78 2346
7200 9793
5199 6176
4876 5113
5025 8460
7945 9612
3117 5129
639 5460
1292 1379
5497 8627
3815 9693
4060 7283
2767 8447
3545 6240
5178 6322
4479 9252
3245 7236
7094 7341
139 878
1326 4440
6566 6704
1397 8616
1906 7325
1891 8691
2923 8977
2304 8518
2784 4681
4233 6867
18 5611
668 5826
3601 4027
6480 7823
3978 9050
3320 8813
4353 6156
1858 7366
391 4034
2005 2754
1708 2817
1351 8455
2616 5839
3550 9737
4162 8003
306 4740
4608 8421
5617 7450
491 1078
2247 8575
6023 6904
602 8905
1881 8950
5319 7166
6158 9734
5934 7131
1017 3577
1013 2005
820 1417
5579 7181
2367 7760
3135 8960
7886 8225
3459 6706
5011 8987
6342 8618
3040 7053
2379 3724
1321 7681
2151 4846
429 1935
3978 9545
5928 7804
3510 6266
5961 8737
4650 8139
6583 7136
8181 9852
810 7537
2126 3177
130 1932
3342 8528
990 7330
671 7010
4380 5161
3568 5439
7779 8105
2898 8815
5977 9643
849 6923
5027 7589
799 6632
486 7574
4838 6501
659 3991
5594 5639
723 3909
5845 9858
2600 8782
6114 8782
4834 5739
6953 9211
1061 5800
9433 9981
6439 9840
1145 8367
6749 8540
1099 3169
1228 9647
2209 4846
8456 9563
114 7202
1975 5648
5961 8452
8660 8971
3485 9247
1889 2139
1011 2002
6034 7990
4892 6629
309 503
5537 9558
8112 9938
7625 7748
679 4306
5070 7585
4272 6526
7024 9881
5787 9434
1385 5740
4300 4622
5463 9199
651 3473
3198 4754
3392 5606
374 6569
4355 5629
5834 6195
1367 1476
5799 6443
2014 8404
6416 7008
241 2136
8187 9335
3211 4789
5650 6413
8 9872
4028 5264
1874 3833
1064 7621
50 3494
1669 5759
93 5330
3042 8051
3235 7981
1795 3739
891 7763
4448 9496
5174 7515
806 6760
5369 7932
2871 7863
341 1987
916 3627
5295 6735
2211 3096
1777 1956
4197 5566
1144 5624
2000 6905
4737 6223
364 1905
859 5083
4231 6943
316 9981
8051 8840
7309 7910
88 1129
1527 2066
8904 9280
950 6520
86 2483
1980 3687
1532 5696
1361 8599
3394 8453
2664 2939
7596 8099
2119 6355
782 2270
474 6348
2995 7910
2463 3069
5282 6021
8837 9809
38 4569
5400 9623
3658 4285
3167 9434
3032 8285
6069 7941
3545 7597
1445 4430
3384 8620
2555 8760
203 6583
3507 5494
1000 5122
724 8888
2605 7452
1695 4232
2235 8944
277 4997
4562 5053
1533 7466
3844 9060
4883 5526
5148 6954
3989 9057
5316 5436
1074 2841
3942 8564
832 8602
8483 9038
1612 6832
5249 9710
6929 8269
1283 6918
1326 6195
2946 5363
2313 6226
1730 7998
5802 7703
2515 4793
4598 8546
6963 7148
2235 4177
3069 5726
1022 9326
2319 7231
371 7566
3045 8132
871 1725
2321 9162
8248 8975
2876 3036
5021 9044
3589 4459
4942 7675
3043 5860
2827 9605
4953 6306
4609 9822
6250 8690
2306 5766
7997 8598
631 7399
1179 9048
890 5190
1193 6207
1692 9838
648 9483
529 8399
2090 2689
1703 3145
1605 4040
1016 7538
7351 8897
2652 3833
3012 7219
4764 7113
968 5713
2676 4523
5086 8110
3502 4351
34 1862
1622 3789
2111 7029
161 8119
1583 2017
7404 9030
8804 9340
7865 9683
1147 8733
5736 8726
205 3549
6155 7349
3485 7325
935 9672
845 3891
6023 6656
5284 6934
3154 6778
1089 2926
3515 7703
5201 9883
5542 7700
2907 6568
2838 6859
443 1048
5278 9435
3117 3217
3124 3762
1457 6679
2684 7591
2273 3416
6508 9720
328 533
5969 8012
3202 8131
3369 5742
243 4696
1970 9265
5374 8468
267 818
4264 6779
1555 9593
9417 9827
1409 2932
2598 6918
3507 4584
72 9584
5545 6484
7086 8476
5268 5894
4338 7015
3248 7423
297 5742
512 9053
829 7988
6386 9596
86 2159
7299 8459
4282 9647
6371 9243
802 6095
2013 2531
3170 9767
1934 3518
4032 4212
6551 6976
4421 6976
3034 8047
6646 6792
1406 6219
1301 6615
7370 9866
3177 8248
467 8943
626 5183
1625 6416
1013 5105
1030 6480
3447 9545
5088 9812
1733 6115
1046 9626
1887 2626
1883 7070
4913 6461
1935 8372
5469 5753
5906 6981
2326 4761
956 3189
936 4749
4851 9722
5013 8616
1649 5431
509 7542
824 9763
9861 9980
883 5631
5491 9060
258 2883
343 853
5883 7135
2179 2430
1128 9486
5082 6186
2896 5453
221 2327
4246 8439
761 5806
3031 7348
2762 4628
4204 8361
4617 8529
2237 9063
1233 8113
1448 1647
2179 8885
3578 4132
6950 7174
5041 7375
3696 7172
5267 8107
4619 9143
3716 9762
5499 6051
1937 7207
3070 4945
3496 6243
5988 8539
8153 9107
1131 9372
2664 6887
630 9139
4558 9893
4633 7055
4393 5328
2819 5909
4380 7140
7475 7528
3940 7491
1354 7099
4025 4392
935 6625
4644 5087
5994 7430
4361 6417
3808 9842
6121 6506
1166 2700
7905 9559
1188 1380
8517 9129
5079 9573
498 8891
2055 5144
4803 4939
5117 8816
977 2284
6579 9148
4938 5394
4405 5671
1287 7263
826 5034
5523 5727
3838 4730
2376 5612
1052 4284
3167 8518
2962 5253
3113 4716
1790 1873
2643 5308
383 4967
1512 2857
9799 9889
1619 2092
771 9123
1190 1367
2698 9046
7642 8474
1220 5397
4067 9437
2662 7871
1638 5899
6806 8579
4075 9818
3760 4157
6233 9545
3983 4324
814 9605
1725 7820
677 5378
3659 8192
3565 7449
4940 7570
4232 7674
4888 5131
5847 8305
1945 6514
1706 5418
1895 8089
2056 6167
6385 9012
6565 9529
1687 2965
3250 7972
361 9533
7841 8288
5567 5756
8081 9392
1160 1687
9437 9506
1064 9546
2974 5694
2459 8826
2270 2649
6922 8858
3035 8829
2770 6454
5210 5239
3197 6610
2867 9681
3336 5439
66 8490
1528 6704
3151 3343
65 6360
5579 6022
4207 7347
7903 9735
7393 9407
5257 7646
3182 5479
11 5890
2718 6928
2222 2362
367 4222
2079 8181
3639 6140
4212 8164
1434 6841
1217 1488
6162 6215
1499 3109
4538 8158
4444 6966
3786 8947
5020 6223
2173 3501
4833 5192
2299 4686
2968 8099
6199 9218
4389 5536
3351 7090
6473 6875
2427 9669
5128 5344
1045 7644
3251 3971
2847 4876
5717 7457
4719 8367
4588 6920
1228 8551
2043 6791
250 7319
5069 9367
415 1618
3332 6749
1583 7004
1518 6410
6141 6337
8906 9736
3202 8776
1797 5519
2221 8657
3398 5590
314 2062
1233 5226
1514 5731
1287 2389
3402 8170
1742 6291
1434 2990
3964 8882
2087 7645
521 9435
2946 4718
1103 2773
2206 9325
2815 6895
3521 4258
3326 9577
6209 7828
2650 8074
1939 8054
1344 4771
3366 4943
4616 5577
824 4078
3212 5150
4218 5135
1233 2030
2004 2413
6148 7261
7731 8460
2106 4592
4767 5146
1445 9500
2887 7019
9170 9939
3473 4230
2265 7682
845 8197
3634 8821
2739 6875
4102 4287
6619 6791
790 2296
1636 3874
1387 4361
2990 3512
4448 7423
3043 7132
6199 9929
556 9977
1661 8376
4910 7822
1477 3557
2416 3333
401 4363
3875 4155
191 6294
1002 9380
2296 3296
5919 9929
1050 8216
1039 8749
1137 2337
593 7420
5015 5048
3492 6872
1653 5183
3333 7658
1480 9385
1576 5035
805 6265
1873 6167
6821 7489
7956 9146
1248 7333
1476 2638
3145 6816
4875 5548
5014 5112
4638 6417
3729 8634
4346 5576
2521 6939
1021 4094
2094 9553
1445 4291
7348 8208
8204 9067
790 3154
455 3545
583 4225
7603 7775
7959 9932
6726 6954
1073 3375
3173 9326
420 5297
3229 3540
6036 8436
4519 5799
3071 6766
3092 7216
4462 7534
1989 6127
343 7124
3530 5506
1846 2225
4358 4608
1279 2622
5916 6258
4931 9564
5852 7972
850 4968
1188 2933
8586 9500
7643 9676
3203 6348
3134 8434
4524 5168
4170 7863
2169 8944
957 6339
6970 8479
7672 9715
1623 9533
7092 8497
848 1541
6247 7006
2104 2190
6589 9658
719 4320
206 953
4544 9504
1409 8038
7423 9225
1429 5160
1460 9663
2360 2924
1939 2588
6624 8320
2941 4941
2976 4766
6163 7884
3757 7239
982 9216
1893 9796
3171 4834
1778 6104
1549 2019
5069 7973
5584 9199
2984 4549
2033 9497
1677 7864
4093 7159
5934 9208
1317 8640
1292 1640
612 5085
5673 6660
2785 2822
379 1897
3078 5829
258 533
5745 6601
1976 8153
1716 7980
9077 9726
3058 5298
1562 9974
4347 6630
428 1998
1077 2734
1283 7505
7084 9171
5583 9887
4112 9141
6005 8932
5758 5980
4309 8518
5156 8982
851 8251
230 9220
1923 9349
4847 5404
5002 8660
3414 6279
1283 3096
1441 6309
5179 6625
2303 3116
903 6455
1174 7269
3892 4438
3754 6627
7024 9579
4329 5881
4119 8139
2696 3385
3568 4355
1869 9943
1986 4574
6790 8479
1222 7898
4169 7328
2096 7614
3574 9348
50 4263
3277 9114
807 8304
844 2319
3335 5304
4727 8963
4932 8207
2546 9715
92 2298
6186 8192
2770 4077
5117 6435
2466 8854
1213 7899
235 4390
9012 9798
7343 8627
2244 6472
189 6563
140 4615
1657 8496
767 1293
5624 9940
4673 6203
1743 3809
5274 8537
3727 7364
6121 8188
4216 8570
8135 9587
72 7366
2838 6783
3514 7845
4994 5299
414 6923
8342 9716
427 4345
4543 8559
3863 7800
408 2456
5813 5900
6254 7330
4812 9876
840 4605
531 3097
396 3260
3772 6031
1100 8984
813 1054
2065 3055
2908 4563
1929 8108
1945 8451
1487 4663
446 5911
217 8376
1418 2652
4370 9007
6941 7858
1216 8314
2270 2986
2940 4425
1636 5677
4409 7211
3105 8127
3154 4576
2160 5492
355 4422
710 1442
5451 6937
2185 2396
2574 7842
6651 7941
1174 8699
4944 8445
899 1177
1084 9022
4056 7877
3574 7292
80 718
3756 9415
3372 9361
6409 7167
3478 5245
7219 9124
4814 8941
4530 7898
4421 6513
4962 9081
2784 7878
1 2756
2765 6852
6595 6770
5852 7462
4512 6839
6263 7745
1660 5965
9035 9962
4359 8125
2578 7138
2782 9601
691 3140
4663 4768
4441 8235
1158 8587
6315 8808
2647 5750
3099 4740
4452 4726
7784 8786
2995 3571
5552 9281
253 1386
2454 3674
5670 8737
866 8892
327 6734
3421 3440
7172 8307
800 8805
2721 4413
4110 8288
7719 8032
3205 7198
2097 5135
7986 8610
3252 8483
5493 8675
438 7033
7154 9679
1420 6949
1983 7789
8574 9568
4874 9070
3689 7350
5080 6444
1235 6209
2053 3177
962 4476
3137 3889
3861 7575
3839 5545
226 9344
8660 9670
2029 3726
1324 2091
424 3533
5415 6680
672 1397
293 3273
9499 9551
7789 8649
2662 4001
923 2898
5063 9894
2934 5698
2194 8836
4803 8030
6708 9448
8372 8753
4898 8828
2384 9147
6816 9093
4 2467
1941 8287
3088 6832
7301 9484
5684 6946
4306 8338
8409 9866
2219 7505
741 9118
3614 3941
5600 8271
6047 9689
5949 7338
1530 2165
3512 8762
378 8014
324 7026
5301 8869
4531 7503
3011 7300
1353 8790
4242 5989
1099 3083
5870 6171
2859 7619
4737 6009
4628 9514
6469 8870
526 618
3740 4500
5027 6719
194 2091
834 4331
3651 6772
2181 4990
2360 6672
1564 7912
2713 3380
2634 2790
1500 5152
4495 6729
5788 8305
1193 4972
857 6610
564 1777
1502 2259
5043 9249
1708 2327
2658 5353
6682 8457
1294 3207
2810 5616
1229 7510
26 4182
658 7115
577 647
9191 9922
2332 9188
2796 7653
21 2553
2335 5030
2262 4372
706 9536
653 6749
1862 5665
491 3066
8444 9531
3958 9029
191 4303
191 3495
4303 6729
3074 5698
549 8272
1644 6287
1061 3619
4152 8906
3657 8652
5174 9895
441 614
2263 2562
6300 6685
1466 5882
3405 8404
211 6475
2788 4007
4664 8465
5398 9534
207 5455
1434 3395
723 1380
3764 4573
149 4714
1793 7350
2911 4189
7554 7671
5662 8180
354 8189
3559 9100
3987 6920
2396 6735
3247 7062
3386 8925
3718 8200
5504 6056
7348 8541
4646 7902
4799 9717
393 2348
1036 8948
6154 8394
7169 7712
3738 9175
5091 8149
7282 9125
1080 4754
2264 7603
7111 8546
7453 9996
1967 3286
1127 9761
1173 1333
6042 8829
82 7959
7977 9070
740 9915
7635 9351
2937 6504
2526 5108
2880 8035
2775 3939
99 1760
2618 7258
417 6299
1748 6700
4559 9381
1653 4680
4009 4439
6852 6919
1923 8454
301 6852
2282 3122
84 5009
3809 7894
4798 9555
2446 5977
777 2504
5221 9778
3107 3660
7422 9175
1648 2440
4291 7935
2196 9648
1204 7129
1609 5887
648 6966
3010 7402
8629 8816
3645 3804
2997 6434
4431 5937
2415 4524
47 5344
2295 5884
6326 9628
2186 3912
3451 3549
8296 8882
2790 8098
2008 2233
1527 1765
1846 6155
7805 8759
1950 5220
3773 5689
389 1693
4990 5973
1823 5484
240 3270
3431 3728
5515 7325
1340 4666
8072 9971
4980 6892
7772 9955
1342 3614
4301 4951
3947 8790
915 1906
2673 3723
6452 9473
2770 3167
552 996
2823 8657
1695 3141
829 2867
597 1411
3213 3549
2303 2457
2166 9568
4416 8157
3559 4696
1048 7211
8841 9664
3618 7411
33 6303
4668 7207
4975 5859
2034 6358
4477 6040
401 2349
628 958
3361 4114
226 4749
5707 5772
2181 5266
9303 9562
4456 7753
5879 6564
32 260
2994 6016
6256 6545
3130 4029
171 9097
5484 6479
2291 9106
4159 5640
7744 9617
1018 4618
2190 7320
4900 9667
110 9757
3126 3273
2179 9658
974 4622
1485 8058
3893 8687
439 3099
406 9462
4273 7696
1510 7308
2890 3804
1884 7550
2688 8136
907 9261
5147 7903
2647 3131
3251 7326
2231 5737
3209 6200
1033 4641
3342 7275
206 276
6422 7947
9589 9726
3158 3387
166 7029
3218 4126
3371 6138
1261 9888
5662 9765
1230 1543
989 5607
2186 3355
890 3749
1198 8147
4049 4289
4301 5695
1242 2812
2113 9624
3997 8180
42 3947
1986 9601
1391 5818
6496 7702
203 8374
5183 6105
7134 8192
2467 7777
9395 9606
4423 5043
8841 9171
2805 6824
6083 9977
3088 7749
2646 5976
1240 5098
2885 2942
1964 2256
6954 9263
8657 8922
4776 7986
2571 3903
2031 3499
650 6043
602 9745
2539 8623
8249 9677
727 4655
4125 7513
1133 8419
1737 4285
4837 9494
5877 8031
2678 6440
559 3931
5327 7745
269 3054
6033 9750
4711 6067
3489 8336
3912 9550
83 4367
1158 7141
3309 4387
7195 7674
6659 8469
364 1933
4604 6466
1332 8559
2415 9687
932 3245
404 8824
5211 6526
5636 8191
1958 7416
3241 6683
5122 7121
3387 9110
2047 4832
110 5315
5272 9693
704 9728
1648 3069
5123 9117
5555 9798
7953 8199
550 2011
3215 8828
1787 1959
4324 5263
4730 9895
5464 7709
543 4569
7725 9291
5908 7267
3453 6596
704 7962
1233 3821
4168 5408
6530 7886
3085 3801
6662 8393
7116 8874
7132 9669
5907 8311
478 9391
2960 8608
7762 9450
2248 4959
309 8112
7636 8632
2867 3589
4281 7241
197 4902
1159 2196
4437 9589
4023 4544
5965 6519
763 1410
2806 4759
6077 9126
1866 8706
3249 6241
955 4963
543 6560
383 1949
1795 9931
5824 8362
5750 7064
3339 9936
8001 9147
1354 9106
2357 9348
5526 8379
6793 7007
8615 9995
2694 3138
5945 8659
8689 9083
689 6749
2581 7777
3762 9803
4743 4988
5820 9468
5721 8840
136 4308
9595 9657
1831 9776
2166 5221
3521 4900
458 2830
6281 9157
2320 3514
6711 9780
372 4405
123 2542
4564 9151
1172 7773
5695 7982
744 1462
3686 8267
5317 6530
1376 7349
3559 6576
2068 4700
3005 6111
2641 4484
5094 6190
95 9040
5629 9180
662 3257
2973 7134
3007 4525
265 2014
1817 5167
537 5140
1702 2365
752 4627
5440 8743
2 1151
462 5403
4146 4155
8771 9539
5007 7793
1147 1890
6081 8560
3254 6980
4215 6605
3156 4655
1451 8473
4468 8325
7436 7466
6054 9211
4511 6057
5552 9529
3790 9644
816 7713
7382 9602
4998 7899
5853 8326
1367 4198
4203 8862
2362 2990
300 7033
635 2846
563 3175
2830 9724
1074 5039
2556 6506
3550 5926
1815 2649
3843 9633
3567 4092
2036 5901
2490 5582
6318 7580
175 7553
633 6562
2241 7382
5490 9186
2897 7420
5533 9859
3901 9271
4307 8221
776 8335
4627 5498
335 4608
3832 9403
3183 6126
7115 7477
8723 8916
5077 5185
449 7036
453 3018
7113 9589
3332 6664
4149 8818
4631 8291
6802 9829
2431 4126
2104 5239
406 772
3027 8456
2798 9976
3256 4822
5221 6664
2339 6752
4122 7855
443 564
825 9473
4871 5409
2646 6741
4187 8280
2113 5862
318 390
1113 1444
2271 9100
2386 4037
6451 8356
4701 7208
6170 8047
7226 8692
615 4128
2877 6272
3390 4762
4166 8235
8185 8263
5234 9571
103 4467
5928 6056
1082 7061
6072 6096
933 6984
6783 7531
251 3148
2081 9511
207 2350
2025 9687
2437 4289
2949 6609
6966 8456
3833 8570
2684 8443
6717 7914
3621 6296
259 6750
3945 7972
6113 7629
354 4389
2844 8076
9135 9942
6137 9242
2404 3546
2412 2465
2513 2898
2167 5398
3299 4419
836 3002
4647 9842
273 7739
4624 6509
1556 7654
2744 6149
6439 6631
1880 2605
7146 8703
2966 6205
2912 4673
2276 7079
5962 9788
7010 7502
1193 8708
2092 4650
966 2696
179 1652
2110 2484
2224 2350
1496 4919
3775 4698
803 6352
6044 10000
582 9302
310 9070
116 5358
2301 9590
7192 8459
2637 4581
8394 9709
2507 4312
3101 9838
1430 2968
1523 4956
1787 3768
7105 8268
5710 9738
547 5459
2390 5815
5392 5809
5405 6757
3630 5619
914 3552
3043 6506
1150 9970
888 6574
1596 9568
2349 2515
7912 9271
1783 2236
403 8652
4655 9301
2781 8156
5732 6073
3463 4872
2704 4143
3956 6698
734 7525
1529 1546
3569 8040
2137 7293
8385 8770
1962 3690
7029 8292
1794 7273
3307 8922
601 994
4875 4966
1260 3386
5209 5931
1413 5749
5984 9270
3483 6448
1281 1914
4483 5476
1596 7254
2329 5086
5460 7532
4874 9732
6441 6861
5239 8119
579 9731
3713 5564
3978 8935
5334 5516
1212 6957
122 3184
2217 2452
3311 4510
3928 9615
68 1978
2105 7553
7006 9352
1818 7880
471 7093
863 9748
300 1785
3950 8713
3781 9845
1559 5383
2713 9413
3460 5418
6152 7139
2072 8692
1933 2634
177 8680
1631 4156
2537 4428
3418 4965
2240 7278
1350 8863
720 4280
3290 6899
1022 1421
6494 9112
8939 9438
1428 9141
6844 7738
9223 9882
3589 5867
774 4360
5270 5427
2262 3312
1097 1315
7875 9873
7419 9187
3078 4783
7631 9165
1539 8826
6600 9712
6837 6986
2375 8789
1044 3929
2574 5752
3872 4886
254 3005
2932 7865
2164 2275
2795 5421
5660 7292
268 9062
8633 8964
3046 3553
4130 5211
5692 6584
2655 9336
66 6999
1723 9532
2381 5468
5873 9582
3515 9472
5600 5644
962 6206
3715 7352
4891 6780
1071 1848
6083 9890
5137 9043
7807 8960
2027 6869
2178 8539
7067 7801
8260 8902
5824 8981
6894 9353
533 9894
990 4109
2191 4741
757 4551
636 1601
4623 8047
1552 9790
637 8213
316 1911
834 3823
3888 6239
2956 9149
6801 8534
3062 3367
3431 5498
9073 9602
5338 8120
7298 8911
1517 1664
4513 9014
206 4110
3404 3866
2933 7079
2263 6954
4677 9904
2238 9819
455 3402
5408 7020
749 2500
4428 6265
4859 5753
6556 7172
5487 7058
1714 7555
2003 9961
5794 7438
469 3666
3755 3818
3186 8621
8460 9094
2927 8820
2287 9560
12 9852
3130 9371
235 8328
2039 7188
6009 8729
1228 9282
6904 7934
4833 6710
7316 8004
2262 2873
2547 8114
4828 9863
3994 9476
2670 9122
3286 9667
384 5835
173 3824
7343 7660
3857 9077
2319 8567
7450 8850
6418 7111
7636 8665
2786 8524
2807 3752
26 5435
1364 3384
22 8979
5598 6150
426 7908
3454 4759
960 1913
1633 9395
1288 1583
484 8443
2985 7633
4427 8405
6339 6520
3838 8527
3618 4469
5023 7187
8254 9916
6732 9968
2647 8642
5798 9323
7468 8424
1107 7735
1749 2235
430 9717
4259 7528
6533 8325
873 6444
8901 9935
820 1985
1322 8993
2399 7455
1750 4949
1168 4374
3278 8414
7617 9585
8825 9304
3102 3766
150 4550
121 7403
2699 7557
5694 9934
434 3569
3298 5473
5314 6284
4677 5739
404 3207
848 9082
8965 9049
5172 9459
4971 6639
89 7988
215 2586
4109 6014
761 2126
156 998
1722 5444
8797 9826
5907 7254
39 5856
3479 9330
2561 4091
6816 8377
4607 6571
324 4465
733 8914
146 6303
8556 9232
307 3303
886 5290
3550 9199
1927 2148
5880 9117
3703 4976
7093 8141
2422 7941
8658 9480
3784 4290
3850 5585
8194 9748
4535 8347
2303 7210
2857 3439
1421 6344
3788 5409
1715 7808
747 9140
1090 2864
2376 7509
1625 3408
1627 3696
215 6035
3523 6425
5125 9158
663 3707
2763 6588
8907 9329
7860 8993
3697 5430
263 9888
989 1640
7239 8241
215 8203
4029 5037
1809 2215
156 7743
6228 6725
1662 5935
2278 5036
3133 9427
4591 5194
291 3719
2526 8776
4737 7231
1665 3955
2371 7025
7442 8928
5016 5543
7287 9559
892 4729
5664 8886
6905 9294
2057 8734
6924 7131
2889 5045
1149 5457
2402 7289
1955 2226
4723 7000
3336 3738
3499 9194
1674 8823
6608 9130
2366 4380
3972 7774
7877 9744
1530 4007
1683 8678
5704 7445
2879 5024
7139 7909
3194 5495
4540 8004
6178 8299
784 3837
1587 8887
1759 8540
3766 5720
2606 9654
2354 4032
2729 8002
496 9455
3208 4613
1663 3110
2393 8628
1236 4301
43 2740
873 1124
1359 6526
2105 7264
756 9795
804 9367
7775 8365
611 5423
6852 8914
2818 5009
5981 8693
5457 9122
3218 3227
4051 6141
3876 4263
2578 8796
635 9442
142 1557
6637 8417
87 3420
970 7203
3847 9103
8440 9992
2021 6843
1428 3308
5126 8663
5269 8933
5291 7737
5405 9663
2144 3619
2054 5746
7196 9622
5711 9543
5225 7155
1241 8688
7295 8068
3068 7191
1473 6238
5477 9983
1634 6236
243 811
4736 8044
3839 4350
8415 9035
2045 5249
5124 9524
5241 6358
866 2242
1398 4792
5274 9132
941 3700
3832 7110
1564 4218
3046 7922
8697 9904
3566 7091
3157 9087
4282 7919
438 9792
5148 9449
1362 6502
3428 8127
1775 4538
5013 8495
354 2942
1816 4804
6252 8571
2560 4792
815 1752
1149 8367
1721 2449
4270 8278
4102 6343
5466 7387
2705 6493
2653 9074
9 5450
6721 6991
395 1553
1568 7234
4683 8195
2181 5539
1291 6403
1041 5018
6434 7786
4449 5098
1445 8114
3087 3298
8449 9480
3783 4701
3037 8337
2554 6013
1331 7625
588 4268
313 6367
6403 6625
1514 3666
3803 3843
2215 9900
2731 8951
2800 9444
620 7504
1240 4484
2070 3918
674 898
1340 6998
6453 7828
5199 8327
623 3237
271 2736
6266 7155
1284 7772
6452 8599
1830 5079
6124 9138
6632 7737
6177 6719
3173 7934
1790 9899
5185 5860
2348 9461
4391 9107
16 7859
7035 8685
2526 6908
5120 6782
6377 7993
2902 6022
6622 8437
575 5488
2236 6959
1413 5572
7472 9094
2375 8790
924 5825
7074 9598
2598 7506
3643 7163
4247 4313
4774 9801
5430 6448
1924 2636
2339 6461
1096 8173
1987 4320
7477 8235
2005 8372
407 2703
3449 9053
9321 9380
7368 9057
6499 8892
971 2279
9849 9884
540 9788
4498 6972
5672 8598
4487 9527
6753 7166
2374 5168
1271 8765
6140 9066
3959 8859
2504 9988
1868 4859
2317 5037
1536 2304
5457 6839
215 1157
9442 9627
1245 3919
1353 4380
1859 8844
209 7469
65 8447
7333 8503
91 4193
2718 7065
1599 4826
4298 9229
1568 3656
4240 4453
5161 6606
3501 6205
612 7532
5996 7070
4401 9900
1695 9657
2248 3026
4782 8454
387 6194
1945 4224
4121 6902
5791 8496
550 5470
1356 6835
1794 1805
2541 4057
3077 7710
1285 5925
218 6025
1506 3455
2859 4728
6123 6600
2514 6956
4553 5498
4715 8817
361 7021
1519 5088
1657 6853
1773 2510
3583 9706
4072 6594
363 9951
1629 8206
2892 5326
7427 7575
2071 6913
1052 2023
4543 9030
2344 4298
1309 2866
2686 5544
4089 5346
1411 4536
2142 9136
764 5958
6210 8896
5383 9274
1939 8305
2746 8106
4586 5154
4079 4335
510 9784
215 9237
3234 8159
3020 5809
2640 8227
4111 9380
2356 5638
3417 8675
232 9886
387 1795
3331 7805
5891 6399
2240 8662
2233 2655
4184 4734
1746 4272
3102 6696
8264 9585
2233 3571
5352 8166
3838 9877
704 6956
2844 8082
3184 9408
5522 7864
7651 9696
3217 4848
3136 7929
870 3549
1108 3541
175 416
1398 6860
2722 7434
2832 3660
7848 9365
2328 2463
7216 8282
4490 6316
1080 9337
1967 5462
3789 7155
2339 7536
6856 7308
1749 7051
991 1410
7265 9388
4044 6724
5854 8846
3476 7278
508 8674
1068 8977
8618 9738
6699 7354
2347 6784
1607 6414
2193 9826
1317 1846
3880 6684
1959 2982
413 4169
8149 9206
3287 7326
1600 7771
402 1626
3081 6612
4951 5648
1648 2691
6063 6459
5611 9188
302 8841
3546 9619
7553 9863
3 1222
4402 7070
620 9587
2311 6493
643 8728
2520 8325
1858 2863
1638 9490
117 5447
2968 9742
5071 7335
2119 3209
4893 9149
4547 6428
257 320
8298 8525
4287 7992
2111 7986
733 9982
1830 5292
747 9008
2086 8723
68 2493
6127 7914
5334 5823
254 3295
3894 9979
3858 6192
8003 9888
4556 5549
2829 6038
1614 8280
7254 9299
1435 5554
910 8003
33 8095
2984 3100
8204 8842
1244 8771
6080 7318
268 2965
6648 8251
3038 4731
1715 2231
409 683
7575 8924
3545 5562
2479 5500
566 3394
2833 2883
6642 9491
2174 5129
504 9747
2649 9714
2479 3662
4140 4442
1141 4525
5279 6364
2757 5350
5291 8484
1986 3493
4713 6084
3005 4788
4848 5763
3128 4227
6597 6894
984 1718
3351 9958
3108 7925
5289 8240
3235 6492
2888 7833
7123 9355
8700 9542
5540 8388
3498 8400
8788 8880
4865 5617
3864 9457
4563 5791
