3500
21135 25366
17733 24523
12868 27054
10093 10253
5496 14686
26824 10292
2937 6882
4824 11381
15536 24618
4138 2443
29704 6700
27607 24838
14105 15446
18696 12507
6501 28128
22087 20812
13574 23495
12504 19546
5804 5038
6781 4324
17944 29077
8461 6620
14005 3816
2850 12665
29956 25964
17614 6724
4608 9286
28766 24716
8932 19799
4616 5889
20997 17869
7844 9305
8876 25204
18703 3353
12540 3331
28660 29648
27664 3621
3225 12914
22497 20141
22875 22359
20620 68
28481 7553
7374 16682
29240 12407
17721 21165
25471 20573
8771 27770
14545 10691
13798 230
6400 27615
14066 7456
4909 20938
17241 15149
23057 9780
27055 20292
19992 22714
10510 3984
17635 13586
4398 25333
9748 28419
4836 11585
8749 29190
7808 75
4462 18030
27043 14496
22517 5967
9816 28236
5759 11055
7805 9476
3363 4219
28206 16414
26686 1938
14306 1302
5408 21269
4383 8123
27542 18316
16850 3465
8831 3031
4738 3749
20984 5374
7931 3222
18968 7173
9287 10736
24780 27719
14190 11697
23710 17357
23727 18621
26162 27114
9058 26384
9946 15608
13729 10238
20384 16240
5593 26979
28256 18820
10255 10532
25330 11164
28305 13954
23666 26963
12921 14246
8309 12119
24584 14607
26404 11702
27085 24808
9602 11516
27990 13471
3261 20182
4589 3553
23857 18973
4129 10138
13075 10540
432 14502
13978 19701
9017 29179
22952 8147
28177 9772
8549 28076
24843 8290
6026 8592
27801 5639
11460 11113
16823 7623
27917 19417
17390 3679
24586 29342
4360 9006
12235 26666
16731 17884
12940 11161
14946 17968
25669 7292
2431 20824
19201 13679
671 28548
25919 4483
16419 19209
29080 2765
13198 5696
5507 2625
14681 20755
14653 21957
10844 3571
19308 10326
10034 10887
16935 3428
16581 16284
3734 2008
14558 10368
12591 18893
8711 17098
3188 9298
24177 472
455 29116
28511 28244
16657 11719
14155 7214
27475 27638
15995 932
11608 2168
5171 25842
18448 29993
23522 27392
25540 19262
24620 13923
16072 3442
1704 17947
12427 14553
15584 14062
26185 23841
5691 8741
9327 2181
2719 20643
15142 27388
11405 9923
26833 24790
11495 23416
25949 27738
780 13106
23562 7834
2854 25649
15552 5341
15939 468
7250 19118
24044 19656
28082 12934
6021 28345
25150 16928
17008 11840
8259 13383
14260 29409
5670 26273
24870 588
29182 13938
25741 26191
830 13339
23192 10609
5195 28310
4212 375
10602 17079
381 23721
15906 4604
5371 5186
15446 22644
11528 26042
10984 14662
24095 22401
21007 364
25683 1827
24289 6841
24366 8244
17524 10716
11289 3540
18 8942
12262 26805
3531 19279
4214 17669
4196 22680
12643 16526
26584 7737
19400 20601
7213 18422
6831 15247
4694 28550
19969 24415
11108 15844
23584 1489
23749 20693
8962 26448
25085 4507
15549 11333
19881 14804
16634 23464
20534 26216
260 7709
4896 10866
27169 6246
17961 11605
24475 16236
20431 1936
14545 27972
12160 1454
27880 17466
27798 3967
2961 24916
5599 8038
22816 7917
28294 12441
5295 29457
25666 11100
7883 17634
8651 20926
4741 20662
25378 2070
6496 5697
16093 6037
4107 25123
27654 13049
7287 26632
10515 19553
5880 14047
17870 21209
10791 7122
1683 7712
23756 1605
2984 26237
13058 15282
10503 3854
19753 18106
7417 1766
12546 2047
10901 324
20189 3400
27103 19338
6879 27668
13720 15920
12703 2045
21673 22747
13604 24990
28383 17577
26674 20315
22623 19463
10933 4061
9217 3778
7726 15464
11824 23017
18761 11893
12166 8873
19162 5356
13550 3858
17817 11434
10611 2396
9374 14187
18427 4340
11293 1947
11885 13449
6733 4410
21475 121
14230 6537
28253 12107
14949 6537
22262 18659
23557 29369
18113 28048
14412 25569
2566 1285
1246 7568
3615 27218
3000 11089
6193 29280
15909 12205
24843 24781
3511 25404
26232 22424
7526 25906
19360 26122
11907 18223
10978 1509
29950 23425
6894 9775
4595 10241
29330 18418
13113 5318
25584 28067
15493 26070
27629 7649
13304 16677
16688 13908
2112 17945
27564 23541
27159 7532
420 15691
29667 23123
21447 17515
24196 23803
22631 28052
10686 1713
11555 7720
4685 2407
2297 24722
28111 25520
26390 17016
28119 13472
4952 21014
17306 29280
24253 6436
29215 26132
27017 21772
22818 1047
26522 24288
247 16055
28009 14326
3241 18255
8280 14927
4470 10591
27131 12889
24859 9893
25778 23303
27465 29262
17010 25951
20832 26576
29498 6228
18766 2276
28521 27491
22278 8627
24361 10129
22244 23802
5597 12107
28146 11783
2007 28451
25698 4503
10162 21152
18748 9372
11772 5417
28496 25970
16251 2460
17925 20707
26725 22755
18655 262
7307 8313
19391 28760
17324 18971
26025 23701
28476 5571
29955 8761
12479 13412
10837 6931
12442 3536
10732 5250
17796 4610
16674 9349
22410 5735
22726 3946
14592 8188
28459 6787
17128 3093
25085 12562
35 8009
17562 16372
16542 24399
28923 25294
5774 26975
25204 27862
23597 19351
8913 2756
28425 9332
9849 29095
16585 22824
21159 6567
14836 9748
8729 16749
22179 24525
8269 6352
14312 18252
8161 7963
10193 6295
16846 9522
15882 3308
19233 21195
8498 8084
5470 19728
18514 10105
23661 23438
5348 2282
4101 5398
16541 12662
12520 15361
18032 14679
25596 27835
21706 20116
7733 7847
29130 2548
11940 5624
10208 8728
18272 4299
26588 13766
291 4998
16738 26443
25297 26102
26672 556
20124 26100
5364 28559
25257 23848
22366 24362
17997 23943
806 6243
683 19348
19191 25218
11869 1871
21677 24418
3681 6337
16381 5962
13413 24522
28740 4735
26621 25144
24313 5719
469 7755
5339 6781
6584 14269
16534 28741
8494 4433
27268 23081
311 10233
19162 18525
4805 1262
23053 27704
21868 20220
9327 14402
10256 21764
9093 23900
11089 14439
3694 3402
29406 20398
4754 20276
4743 15325
25115 7277
5822 12928
24426 10043
4020 14839
8758 11048
9828 3365
17876 8164
1279 22882
17473 3218
26018 19933
22726 965
4346 8286
17399 3886
18024 21922
185 16531
11786 28398
27405 9075
28245 140
999 5098
27108 18561
7486 19227
7576 24126
12852 5334
24595 431
18757 28795
12738 7571
15497 4916
8404 28127
8280 19993
20233 28472
17956 975
8156 6198
5957 27519
28567 5999
5973 12548
10243 16642
14578 14843
15734 10852
7919 18709
23326 14311
26420 9972
16077 10434
18734 5480
22140 28718
22632 15003
9143 8559
18994 16525
14576 28587
22062 28013
12354 17635
13844 13118
24521 9354
9337 16649
16385 19845
11308 17730
6792 6828
14227 2492
2788 21240
7297 1075
585 21984
1035 23
4802 6157
28137 14184
22542 12008
8468 22534
4336 22637
23269 3255
29230 29066
17128 417
10812 17769
11662 12427
28230 21715
29481 6338
6662 23494
29206 7380
12129 23308
5793 23916
18812 12431
17763 24587
28113 15484
11202 1562
29672 15218
3939 1310
1491 23846
1822 16433
29806 9098
6779 2522
16023 17481
22879 19642
19670 28032
23886 24953
6394 2168
20326 29348
20134 4891
11360 3389
5852 4721
4436 28727
26157 18399
6373 5864
469 25592
9692 20202
23536 1516
8483 26276
28028 13251
23461 725
22653 11466
1642 13544
6712 12844
3323 11955
11255 16652
13836 12264
27827 8961
24851 1465
1316 14630
29759 899
12439 5934
4480 14838
981 16270
4984 21862
6385 22173
2735 779
18084 29869
6766 8666
18174 19384
13893 27778
18423 3016
15610 24354
20217 28951
17274 28421
19295 1631
24981 5043
1396 29247
1046 18387
9756 1282
16633 11309
9585 1629
7755 14761
12858 24729
7564 24622
14878 8386
7571 13565
18075 10506
17536 13387
15479 24889
26024 18793
25040 4350
21763 12392
14919 12667
2946 20244
9338 27738
26590 28030
10111 19168
8634 29145
28162 8912
4091 23220
25795 958
9904 4987
28562 6155
13879 6142
4807 24382
12858 9275
3922 15685
15065 12444
9220 25209
24867 7830
18684 3417
26753 25712
9358 27327
20292 17555
13808 14057
4848 10884
26402 22761
20957 20539
18100 24330
26707 11563
26114 13475
26618 28430
29928 26032
5918 17375
15626 1000
18781 615
4649 194
11290 29709
2600 24546
5192 12983
19097 1782
4907 28025
4856 8338
28452 406
18926 20105
23655 19023
10703 16269
16113 4979
27804 23261
24055 8634
19013 11088
4650 8756
11962 24681
792 26829
6025 27474
29491 24549
1701 21581
7246 13350
4657 23208
23567 19782
5519 28373
2854 11402
16498 12083
19839 24887
6310 28298
9441 11901
4283 21983
25335 8819
29857 3915
8028 19397
5621 21888
6348 23863
16437 18260
18703 2292
26368 17849
14956 10100
23544 5977
4066 20234
12164 2122
27374 23002
14285 8259
13313 25243
13709 28238
27690 13730
24891 25309
23109 8425
8488 2252
27209 28727
9332 3274
8542 19148
21941 7893
4703 8252
15332 18002
11238 10612
3926 9768
12235 17517
25409 26294
19348 16293
20395 20357
3149 464
2542 5756
19343 26032
18870 15669
6746 21729
16351 15075
16601 11041
27691 6766
19481 16593
23719 19547
13523 27256
27504 24592
19392 24241
21544 17613
3179 10436
27498 5933
20604 7585
9963 28916
12840 27512
19882 7423
9927 9293
17550 21813
14536 5570
26699 589
13219 1837
22411 29325
15845 7258
18135 23133
22389 8432
10492 1133
4007 2102
3297 27031
21173 13000
27450 6805
19618 20619
28847 8798
25689 6110
11304 24723
5175 14445
20483 13382
14525 8311
23838 18641
19004 6189
20835 9181
27683 29470
22215 14991
17093 29159
7162 12613
947 10841
187 14663
2893 18933
26254 4672
10626 2501
14259 28863
8811 19657
9357 24439
24760 1898
24111 23115
15283 21609
1498 29672
3874 10933
497 1685
7553 28592
23538 20626
20711 3388
24838 8338
14613 4600
12433 11078
9874 17210
26924 29249
10422 20783
9106 28055
24000 3573
1584 24594
28623 9531
23587 2868
10418 2953
26278 24515
14648 10582
1837 7170
18197 20862
23992 2821
26655 3511
20052 27778
17613 20659
15605 19779
28522 10363
9377 11958
7821 8958
2354 684
9258 6252
1321 7336
28894 13922
7447 7568
25521 25065
8379 7831
2131 19737
13512 22
8446 20235
20030 25380
12104 28382
27465 8350
23533 25940
24310 23344
2024 26062
28258 5636
6301 27446
9756 2056
16401 9521
5294 4471
12494 17926
19575 2717
13444 6832
25579 22437
4648 18595
17117 23735
12298 24547
20200 27326
15793 20303
11490 19230
21555 11182
4289 26379
4888 11815
24820 2326
12880 5409
10269 28511
25225 6865
27130 22328
3342 22012
9110 25658
15028 28135
3577 2790
8014 8270
19311 19194
9676 3240
1643 17433
27135 21990
26963 14979
17897 3214
1426 13604
19483 25969
19680 9436
3693 10656
14526 20373
8397 831
21468 27104
22537 1876
4693 23293
29863 4523
20805 8469
12780 12702
8524 13712
7336 2231
27098 24415
16868 25647
23471 7082
5348 22606
23643 17779
2470 14490
9449 8410
1731 18509
13116 16626
11510 7939
15539 23642
24928 17700
15483 2131
26993 27284
21417 15974
24391 17095
7559 21286
23112 5810
16504 2761
14931 15077
19585 10467
474 18406
18063 895
27613 5047
28166 16924
20729 677
18792 29555
21941 9249
13285 27457
10440 26664
9060 25260
14394 15951
12694 17827
23362 450
20008 11739
11596 29640
8419 2913
17009 1588
14935 22012
2110 12327
17167 4355
19357 7126
24800 22139
25269 28311
3543 24259
28348 29885
3129 8011
27731 23580
13404 14836
20336 4150
6953 2360
24151 26126
9170 17012
17377 28244
29035 22110
12902 25076
22577 26622
9589 28765
6527 21638
19158 24272
20140 10
27933 12233
27811 19255
1864 22988
11595 10074
16907 25052
27249 29438
10193 14313
6804 1035
20483 29789
20706 19458
11632 23586
12851 1431
15612 26140
20546 26079
34 5698
16035 17124
21012 10591
262 4062
15549 25745
27043 13133
28439 19132
24439 7395
13671 8164
23762 9327
17065 27750
781 16355
4781 15770
14533 7764
16155 1834
26247 18238
3706 3498
20730 18543
12468 29518
17156 5952
29364 15271
7964 3171
10969 3381
11883 25424
23739 22081
2193 4394
11489 8363
15168 4761
10291 2332
18325 11453
29261 7660
22690 12041
8852 28314
26393 21423
21442 5653
6032 27775
8846 2049
17514 27531
17532 25464
26332 3638
17196 25847
27116 14267
8795 22763
29702 4292
17200 9287
15417 16005
19796 26600
7878 19500
14825 27057
9206 18309
14345 17052
28668 29137
14458 18411
24812 9391
4393 17145
13451 18324
5671 20620
16600 8675
20860 26357
29350 9157
809 20734
23974 49
4044 28172
7130 27312
24186 9692
26700 27914
5684 11199
25962 13444
915 24837
409 21251
4683 23056
19726 6627
6749 2475
18570 20653
4177 2453
12272 2288
26283 17381
1365 24683
1267 18742
5221 27515
23970 18495
11974 29235
4600 22854
21798 10169
23810 12207
19435 7156
19574 17400
23166 9708
29221 18314
19115 9299
28578 28972
14297 15061
11811 13561
18003 12657
4251 18494
21364 6012
23819 13498
22930 10946
17267 19704
25809 20535
13028 17943
13948 11251
27167 5966
7876 9130
6337 4568
25263 11506
22780 21678
7393 19403
3831 14667
5938 17382
24967 5454
9546 23195
4893 27214
23255 18459
7830 3359
2777 7044
10446 3470
5492 11371
5773 11712
23822 3518
28906 18735
11122 22570
24850 8435
15174 16105
10512 11360
10191 2071
15668 7840
21724 19912
13491 10860
8281 139
16536 2527
29284 25382
24043 3938
3060 13237
3456 7108
8425 11709
29733 26281
4519 29318
18123 20510
20558 15822
4701 23462
20609 17586
12630 29505
11914 21241
1974 26504
24436 7230
24939 28701
3791 19069
19730 25282
29669 26751
3001 15319
8448 6304
23797 6728
19 24778
10284 25479
2206 15589
29124 3134
11175 8720
10583 15741
29362 14877
11437 24602
27267 24060
23388 22661
2020 6257
17933 27604
16107 11047
2390 14073
1322 25073
12618 24850
10861 13267
29861 11335
9113 7946
28795 23937
26423 9083
19689 12168
26201 4003
16111 9826
20196 5132
614 6530
2777 10411
25300 5734
20801 22923
27285 5669
24142 19102
5009 12139
585 23858
4335 6445
21264 23385
22083 20553
16837 28379
15413 692
341 10005
26152 26843
13556 3090
9305 6856
13440 15914
11057 2517
703 8299
4350 13608
6863 5996
22748 5886
16315 23565
12155 18654
16003 15752
20627 25937
1061 18074
4011 9262
14085 28274
19479 5642
25548 2012
28701 10130
8685 18230
26807 19947
4791 4258
27134 22180
20605 11860
6570 20952
5808 8743
24121 28341
4750 6320
14106 29207
3297 20189
7833 1361
8781 23091
23366 15323
26982 9375
23049 20789
28157 25754
4146 8030
11246 6121
4552 8160
4663 10582
21282 26780
19524 29018
23392 19557
25379 20951
18029 10901
15667 663
21952 13003
5625 11620
29912 5516
8467 3223
4524 25005
2113 20385
18893 23023
25444 19669
23282 12972
23309 14884
28203 25613
28997 12258
631 18038
21548 27292
22272 12586
22312 10654
2239 5342
11484 14704
21761 20354
24777 11145
14864 4289
27546 15626
13210 6071
14630 19236
2266 2305
20065 28507
15173 5610
18130 21333
17385 19983
23765 9318
1781 26404
25761 11486
8625 3509
9478 22942
22153 16379
18144 12511
6282 20109
25976 11863
1186 8512
23835 29717
19591 14462
28400 15030
22499 27733
19146 5810
22262 230
13756 22748
10656 21386
5395 7376
22992 21355
9470 13279
18829 22010
27562 7912
14339 12886
545 541
19354 12475
28609 6229
14832 22055
18969 25663
26379 4421
6207 25973
1642 22562
894 825
4848 16013
7240 27655
2757 9443
2757 24610
15493 29231
23456 3615
5574 27126
15245 15935
22276 9490
27053 24748
10262 12169
28826 17329
25764 11548
29843 24553
16365 17345
27123 20000
28357 9079
12980 25814
17570 14506
21120 17729
10722 12205
17017 26546
23738 2023
22685 5124
333 6702
6062 7435
8819 21514
12463 12530
15427 23752
28301 20749
581 1535
11127 21077
21441 15346
11118 22573
1645 26338
17501 29205
24134 16987
25286 10464
153 7020
17654 21635
1673 11432
14795 25307
2134 7470
8222 4628
4644 15044
4997 23916
8829 24068
27742 7261
6133 16485
23231 15552
365 18303
19246 26324
27852 14316
19816 17512
967 11889
5547 1487
7160 23043
8972 26036
10227 23666
24917 27270
21397 16772
24438 2663
24417 12837
2344 24322
15884 15589
15967 7733
18693 10788
16139 7824
2750 8902
29235 8638
2411 20048
9511 16960
2321 20406
21743 13013
26340 27300
5215 19881
14897 23226
14579 5183
26874 21729
11092 24476
9030 13085
16941 18630
23969 11151
11777 6699
26993 16791
9041 21698
4497 2761
28161 2555
12494 23596
21674 21317
28933 20180
16389 12186
16032 16027
22982 17024
19260 149
28775 29490
6750 14045
29841 13787
6656 28423
16634 1688
23239 17559
8036 27439
29202 25073
6519 14805
18357 711
16868 23097
28505 3696
17827 10903
29850 25488
22195 26159
28392 27399
12827 20442
347 23095
4532 29314
23866 12095
26337 2687
6245 8536
29045 8146
1338 18702
13749 22927
29318 17045
21811 493
13459 20458
3326 6787
8485 25296
21791 571
1926 3804
554 12073
20509 12125
27840 2751
19347 6851
16454 11967
17790 4329
21766 26407
20646 23875
2610 15621
16187 7008
15492 16796
25917 21738
20539 9596
10364 24331
4756 8141
12490 10614
6186 436
29851 15804
21532 4451
16842 11952
12137 20874
21084 5755
23435 29128
5878 25331
13692 21238
26507 20085
5153 19377
25053 10217
5821 2514
14370 24353
6023 18782
23765 25799
24803 13764
25915 19947
2004 19826
24656 8592
16125 12048
2192 18687
2764 14195
16716 3648
1197 11764
26043 27
25232 17178
9986 5471
18009 3223
29385 1396
26127 16301
21357 710
12088 1862
14666 10178
17404 1770
9069 10924
16854 4140
2993 4304
3085 6792
5318 24946
3870 17936
18261 19828
28723 25548
904 6963
24329 28809
548 857
23734 8549
28436 23351
22180 16311
1170 8820
4300 17459
7886 27513
25442 15221
25859 29376
20009 22057
12163 12469
12042 10587
11162 14696
1378 22398
2360 8057
11569 16277
28839 20157
27981 2337
331 23616
8343 11492
4905 22622
16732 1979
991 463
21002 12226
4640 14352
9830 15959
9937 15528
818 6331
7012 10761
10777 19571
14639 21616
1601 5822
15612 22918
22137 25164
3304 24972
22476 12283
12979 773
16132 7788
9934 2311
25332 462
11479 20934
23228 28465
17566 11408
3523 2955
20021 26862
21659 28401
18336 20243
15861 26565
9315 21964
9892 11680
3674 7033
1587 5146
18959 29520
27634 5753
9385 11295
613 28313
3104 16554
12314 26043
24991 23938
11090 1928
8225 19312
29339 6552
22974 384
15746 989
18582 20603
15235 15949
10887 14243
21447 10286
27928 7162
12547 6649
28122 28351
25010 23075
8627 29360
8379 24788
21786 7294
11098 4666
929 29543
11742 16722
9996 2214
14669 19470
6295 2513
21476 21617
5205 29800
16764 20270
19000 14238
11123 6271
9275 24045
4248 8329
1540 29564
5821 3671
3304 25093
18154 27188
6466 29174
18268 281
830 13520
12078 20968
27004 7706
13068 4181
27385 16909
28378 15323
23835 9744
8472 1607
5821 9053
5260 15661
9931 20454
3570 10212
13835 4100
3314 20025
16384 14796
13857 4600
8816 13979
21089 28947
29909 10604
13983 14268
15200 29498
11465 4192
20183 21362
4635 25866
13798 280
22961 14454
7624 7877
21816 23899
27275 2009
26645 27788
29049 24011
27749 28218
2512 7664
25236 5148
26698 24156
23513 15415
29822 2506
20436 15627
4448 7535
29194 20052
23822 1330
14636 25850
6533 873
14382 14259
22596 7709
19321 29513
9955 17001
13128 24775
28737 18547
4909 6872
28995 26797
15166 877
10802 12995
20578 28851
9395 4265
19004 5997
28363 5953
13644 905
17164 6763
8861 22821
14469 24540
6286 22599
11533 12180
9591 29807
14732 22519
25239 21421
22330 28333
15875 17883
4285 7347
11157 25974
4815 20054
9765 7152
4286 12337
25774 29469
20564 17955
26474 17183
8295 23141
2321 19994
29387 6222
26736 1419
15002 4402
14682 26396
21769 18939
16150 27489
3916 18065
18401 28113
19240 21244
29262 24948
10648 19465
24652 16404
19335 4085
22602 11138
28475 8533
27783 21021
3933 3414
9644 401
26368 13276
28269 13028
23437 14094
20530 10943
14675 29729
17821 12935
13771 29876
2800 1699
6934 16307
3436 11021
13252 3770
13262 10923
1236 5918
20102 18738
29914 21451
6714 28245
14342 10661
28136 25210
28070 24664
11029 8081
5017 16604
3266 18591
22061 6295
23879 16716
4891 28310
26933 28876
12456 12179
24477 29332
11572 26296
6328 15417
13360 27210
21754 9170
5415 17405
19515 4895
19389 19899
9775 26114
19495 26568
25332 25729
797 13814
11235 13745
13831 352
7855 16481
10280 24903
29591 29378
27488 23235
6092 136
18905 4929
1007 19624
27172 27603
19418 27975
9701 17059
27244 13783
18656 26733
27655 7181
17468 15840
28935 6109
14467 20680
10676 15031
4028 25997
28040 10043
24303 1063
29071 17017
26773 9401
29376 26509
19175 12117
7842 11734
7981 16942
2837 19657
24971 25733
25281 2383
26444 18843
7295 26806
6345 9287
25984 506
23665 21395
29019 16527
1449 10677
17412 23960
252 20970
12800 9920
5848 5114
29906 28639
3011 9332
821 11230
13151 8686
11714 22776
5506 11742
27054 23936
377 14971
17738 23423
6511 25582
18873 27547
14993 20558
28303 28031
5013 25550
17423 5374
13076 19011
17526 2676
2075 22571
16279 10955
7303 6038
15909 7334
29677 1092
20138 15507
10327 6924
5553 20121
10121 24661
14092 15905
29807 28608
7409 22284
21281 12570
4759 4431
14673 13951
871 17894
24842 3824
14342 27307
19959 25875
946 18838
17468 10834
3009 8866
2034 5540
11473 23478
6604 9367
4469 11414
6781 10338
8832 16312
2399 6939
18558 18554
26995 17249
3118 9074
25145 16383
17460 24850
1183 1139
20301 13615
23368 10240
11331 4310
28412 11114
5689 27867
397 6666
20793 29543
29721 25223
5620 7541
28838 27606
15649 28632
7502 23834
17384 9383
27380 6273
7752 12301
13607 16063
24922 23561
25812 6621
18977 24456
19211 32
9631 13034
3351 9114
10997 61
17237 4078
3866 12715
2131 17806
29535 14614
4216 16506
9136 760
16994 13775
7167 23125
26526 28370
14243 113
12150 20266
2500 9236
26650 12273
3327 174
19270 4511
1227 680
15853 24196
11685 5726
25780 6846
29225 21295
7285 11682
3861 17104
17250 23556
26190 19575
22914 9757
14257 27755
22451 26633
2555 6247
26284 25372
1152 17570
27143 4701
25935 12232
16959 27671
19616 14524
19108 4451
2565 18093
26314 19878
22149 29824
22698 1238
19998 10809
2728 26751
29299 13698
10919 26035
21384 25020
7891 2360
26386 29726
6782 26326
6010 2793
8434 16110
16118 3660
1147 996
25395 2675
20989 23597
20818 29091
7917 20870
13599 12168
29782 29074
5166 23368
19935 10764
4658 10372
11091 6764
29435 8508
5489 6395
8854 17214
28650 19271
14279 8510
12191 15115
21055 6800
4577 3877
24794 29967
19367 29332
13630 14857
5656 11238
1612 21751
6361 27284
18981 6470
28938 700
15517 22101
27002 14113
945 26733
17988 2149
11905 17088
13830 25903
6489 21914
26868 18471
2514 17605
28099 15395
26892 23030
23159 19762
22826 14252
25460 21488
23159 21294
842 2505
22092 26860
18813 9261
27936 29484
17079 18403
5492 7017
18915 12691
17695 12987
17349 4090
17213 25958
16138 16766
18205 3998
10687 4492
29830 10493
17965 6001
27766 380
16321 689
17019 21
13786 1316
14305 7858
4414 18951
5920 22469
24945 9100
5693 29466
14789 23821
27333 28585
13531 5249
28381 13567
1532 11503
20723 5521
4637 27801
24146 27268
11666 2426
14618 19298
14758 23419
17804 3444
5893 15131
24614 21717
3835 11450
5737 11852
5063 24899
19482 27344
10271 6140
6870 3656
21187 15163
23226 8093
17414 10996
6466 16220
26913 5282
18488 11569
19570 1614
25090 18555
26365 10735
27499 862
18852 13640
14961 19588
8060 3578
1778 19958
22866 9271
8532 25222
268 4069
24991 445
12205 10286
13921 11602
4551 16863
18466 5110
24184 10267
12054 2355
17465 2591
23833 16347
18908 23640
13386 26860
11542 15023
26195 26786
20606 9387
6394 5613
26418 28073
25101 6449
25493 18196
4673 27531
29557 26166
10606 9352
26852 53
3248 4172
15200 23925
7960 24250
10542 26326
25015 19946
13264 23863
18563 25356
7283 7260
19942 3636
2561 27295
16461 23918
25195 19663
5006 23266
6287 14509
25105 4782
28718 25870
17706 896
1239 17417
12852 16380
27929 19221
12156 22867
6358 16356
27273 7710
2665 27091
29343 22528
19245 938
16578 8118
17184 28725
10029 21811
12109 22107
14790 18971
843 5695
4427 6878
24374 4460
1768 1508
211 10053
28819 14687
12579 4179
19561 14918
23616 26560
20660 14554
5250 22461
6068 7851
21172 11647
15128 15517
14934 27638
3498 12864
20330 27852
28596 20442
18153 14828
27531 23412
6283 1217
26147 11457
24553 7763
13255 5128
23112 5605
10156 11833
6713 9910
13462 25859
217 17639
18251 28058
15447 10691
14557 740
21209 18644
25105 27808
25708 15011
19975 5426
1071 1414
19470 9631
18123 29863
28246 22901
20716 4370
28980 13433
14916 23166
28505 29356
23679 23525
437 21239
14490 16819
26532 8827
16824 25202
28005 14397
26998 8048
21722 23585
27655 16166
3532 17248
13931 21613
5283 17699
23344 9294
22904 18821
19487 13281
15039 774
15808 28175
8445 24196
20491 24559
15844 16592
23032 23259
24678 20498
3906 28303
28863 17661
11069 12475
28210 5468
15426 26418
21688 4364
15241 3159
11723 23882
3137 23440
18279 29253
8318 9755
26005 4289
27741 4096
1260 1428
14900 28752
6033 7690
17465 1345
23111 6007
9117 27018
15834 7244
22959 5549
10805 13885
9166 839
27418 16320
5216 24362
9282 29083
20453 26723
10340 8191
7804 13144
18528 2653
13011 19244
1860 22778
10377 27793
8265 28288
20154 9789
8084 25664
8603 10785
16394 9251
3671 11031
12606 16900
5766 611
18094 6946
12298 12741
27600 3441
5559 25742
13569 693
26234 6601
28470 16601
29685 280
24936 21910
17522 4562
2449 12916
14604 28815
3278 22740
29882 21081
29325 8866
806 26695
23930 21158
21849 22417
14527 25147
12933 12827
26476 9084
4105 17431
3008 11671
2057 20469
10229 5316
19645 21579
24487 13967
22498 26683
26752 13575
4542 2514
19199 27578
8564 23437
22160 10460
23435 29778
17930 967
3495 3527
13424 10064
23491 5610
8100 4658
668 6668
25703 11673
28720 3632
18938 16305
7836 11606
14471 11229
24216 22982
3001 4616
5341 5040
21230 6517
15377 6254
19377 21008
10838 13146
23812 19487
6082 10568
21267 10268
16807 9592
21874 15600
6941 4299
5150 23531
26846 21408
5639 17063
8454 13459
11782 4182
18881 12282
3072 8185
29800 8363
13568 1926
7609 15142
23584 10324
28377 318
22295 8664
24420 23955
1272 1825
16529 24035
27013 12371
628 1057
4413 28850
18529 21545
23365 6398
23215 8091
21019 23039
10482 9880
5847 17400
13497 14640
3692 25217
17405 9536
1058 4684
28208 1887
29157 11574
8122 21698
16927 2358
9033 3102
1644 29655
1247 4180
20886 13410
22829 8468
8967 6048
20489 20805
4986 14306
22260 22731
6955 22672
28141 8318
23955 22093
17489 26542
14649 7358
10721 26371
7467 26852
7741 17915
11667 28486
8927 6415
5802 18354
27491 28444
21454 19660
8289 18194
24960 18982
17563 3107
2563 2035
3433 15986
17977 5945
27792 4846
16730 12064
18699 20266
5549 12313
17765 26683
19702 14020
20724 25559
104 12689
19573 4203
17044 13006
4517 12458
7840 18775
12499 2901
2808 19036
24331 19561
226 14496
9001 7335
5757 14320
5682 13196
22352 19087
25622 27816
7616 11074
7106 373
17065 14592
18613 28191
3869 5304
19668 23415
11337 26030
27501 12589
19399 2629
28394 4534
3197 16574
28954 6439
27507 19078
22472 27665
23065 3964
9446 22300
12391 28254
29749 20431
21874 4065
21324 25339
19408 13517
27984 5647
14437 25144
12685 8147
9624 25979
15782 3651
21045 22791
15222 8629
25644 22505
8674 5715
11524 1705
3600 16335
21599 15890
25042 6579
11762 21310
5781 13520
28165 1199
29801 18360
1233 27488
9218 6488
3999 9097
12848 7641
7252 3368
2791 10784
9074 20339
20322 8084
3530 29310
710 28564
8748 12755
5105 4192
21425 14574
4701 21806
11913 23044
25703 26655
6430 3714
19369 6852
28927 28376
29233 25727
14054 9072
8809 15432
11241 8110
24442 27338
8614 4885
23095 7955
18250 9153
7667 25288
7902 11518
29668 16162
21666 13348
8465 17566
5398 27263
17563 19561
4405 744
3883 27674
5594 6658
13821 13530
10693 11186
27218 15736
20440 26040
10595 27847
6878 29201
24261 22604
23341 1742
9878 23538
3916 4102
18604 5901
7883 5971
6890 13295
9827 10104
3052 25305
2880 10153
8549 28229
6214 13316
28424 18208
9984 27094
6110 5668
29415 113
10713 10693
25191 20407
3940 11749
4744 24404
24132 9520
14478 8145
6698 13294
8278 19955
5695 3435
28702 8187
20066 7117
5912 5866
24414 15500
13810 22813
17481 2201
17079 8516
11640 6843
16369 15655
23706 7762
12290 11958
12926 14192
20891 9868
28032 11543
4439 17504
1510 16558
25268 27866
5007 6275
10507 15421
17248 6379
9697 4278
14295 20040
6864 2897
7847 20603
3682 25523
20594 7109
28667 8021
11293 16082
18305 25383
8185 18812
7351 26498
3916 9057
28059 28018
27156 17193
23016 15876
3547 23559
18288 698
8330 11013
10151 2707
12315 18508
23901 9717
26158 1043
360 23264
25868 27685
16424 26584
27007 26476
2608 423
6095 563
19151 4097
29813 26276
24088 19174
2919 10202
16917 15473
2633 5041
20315 13691
23110 12463
22278 15063
20619 17329
9800 13541
9813 14668
2865 27515
3653 20621
8923 9792
4603 10627
27575 22567
29951 19669
4042 1576
10423 11718
17490 24578
29057 27794
8545 3023
27847 2082
22876 899
18594 11360
3541 5141
21151 6676
4404 23383
6034 10012
17659 22484
10806 16791
25563 23084
9784 1580
16102 12334
9622 11467
8363 9043
27524 11143
16451 5754
17039 16130
6320 12466
8506 24043
1972 13369
26354 24478
16393 26163
6120 10776
4832 9338
22594 21906
12764 23913
15462 11048
907 3390
6671 16728
24680 14684
22050 29756
26059 7557
23092 1110
25192 19094
9520 23340
21115 23280
9552 18876
17613 24726
21987 23364
14224 20613
26817 8481
11380 12667
25390 954
2400 21480
14966 17120
28217 25924
5214 21003
7046 5706
3069 2242
17164 19679
12047 7231
20536 13146
24585 8632
14986 7141
24919 9323
212 27248
11046 26537
13490 26547
5254 8986
7834 4998
23721 20485
8712 22170
24666 1795
687 19203
20353 9022
19300 29821
16558 2641
29666 14056
3461 14265
9066 27872
13827 13976
17108 21494
24377 20417
16539 22505
7249 24009
2014 14123
7691 20287
26054 13107
26019 27354
5678 13892
4084 20260
17994 6053
295 27565
27155 26236
24441 1031
7492 5377
19727 25089
3255 7823
17240 25700
25437 14788
6307 16476
1165 12292
6122 2611
24810 4540
7701 1734
2905 21668
6723 18737
24856 7812
18379 3715
6443 10925
21691 18677
28081 14667
23433 22200
13856 28582
15769 10904
6782 8214
18663 20140
1677 15826
5131 22961
19181 16552
28529 21811
3232 24150
2578 2059
22438 12681
9220 4031
5549 1504
21279 6839
21633 29035
5481 20489
9599 2191
3657 6782
28374 25859
22177 10075
10780 11675
21860 20005
5271 21957
15481 6206
2228 18397
12285 9090
22186 7670
29547 6249
2665 2582
10957 18481
8108 12126
22752 20639
17600 8025
16364 6011
15471 13589
9592 1238
4997 14439
10690 22079
7248 11412
17066 837
11786 21174
6789 26737
16108 20652
14514 26108
27883 4311
9978 6300
8206 8649
8342 16505
4365 24472
15492 12364
28104 27288
19452 22250
23095 29530
27821 6747
2549 20119
24999 28942
21948 22454
24966 2034
14808 8384
23056 14640
14285 681
13931 12331
2186 26062
29110 2102
17826 21587
21128 1012
7916 28515
22680 7101
25954 11984
21992 2655
12307 4659
8117 16580
29873 29707
11075 3469
3726 24037
7918 10951
9705 5941
29785 22579
20676 20113
12031 21899
14590 12620
6999 21062
25241 19742
25126 8189
14590 10383
20588 23634
8052 7488
21915 8654
13427 12075
16727 4561
3142 28347
22470 7910
17466 23032
1013 27192
6369 29738
2492 13517
2654 14912
17801 4318
29339 509
5080 2005
19077 7353
26499 6354
22742 26853
6735 17732
7049 29351
20059 2931
10481 21847
5053 22990
29662 6562
3452 14098
24620 7089
10511 14618
23650 20965
28460 21536
21964 23506
23353 3757
17377 53
5667 23939
9683 24108
26818 23020
7029 6209
21328 25027
14966 20990
5913 13843
15009 1174
7106 645
5864 1129
29527 3408
9243 27487
3594 27838
24651 18153
27133 21380
1306 19904
26324 11036
15729 19194
19462 14546
20512 5866
16093 28866
10054 937
25058 23950
21695 25718
26763 1006
16382 27911
24502 3448
29005 5416
24759 11608
18602 11532
19446 5370
20579 14439
4915 29580
5458 8182
26758 16158
229 16689
3667 2419
16021 14028
17172 25600
19585 6571
546 26076
29621 26943
9818 24837
1197 4880
1283 14869
22083 4635
8526 4639
24498 29316
5505 10262
4230 8203
1842 16817
23920 4590
7474 25257
17324 25392
10870 13132
7137 28856
15087 15078
5772 24891
25700 1071
6095 17090
14635 23569
11194 21913
22197 2755
26162 16319
18651 24971
4445 4097
1157 1301
25304 755
13327 1416
3698 29907
10093 16775
2183 18686
4440 21701
9337 266
13983 22496
7303 22212
14326 27175
23910 15816
485 2343
12838 13303
24217 24566
1727 6093
26754 10284
19758 23685
16916 13806
8859 27354
7112 24181
3269 25624
16330 12366
26945 13516
7141 15541
26580 3143
15156 10840
29460 15371
22596 20386
9637 1876
22615 9616
29279 16959
13233 28426
20185 26857
23612 11052
11096 12278
15856 19195
12634 18770
12603 27682
11059 15
12860 5024
19756 21121
18299 19070
18450 6352
13107 4133
22503 24051
27852 21653
9092 24417
28062 16917
684 16084
20244 25749
11508 18654
15668 5592
15037 16352
2234 23535
28981 12154
7790 16061
4833 26347
7410 11108
29230 20253
19745 12193
29233 16725
10827 9209
3633 27649
4563 8704
17503 20358
9294 12063
8812 11334
2264 25528
5919 3819
498 13212
3668 28393
26862 11786
23450 17842
29517 29709
18391 14895
962 15860
11944 22453
14998 12365
26806 22891
23607 15399
28512 10473
18038 15333
26519 23352
20502 6991
18213 20317
12294 18946
19616 11570
9076 12597
2306 1802
3385 21695
25451 22042
28640 2511
25127 9412
1911 708
20157 24752
14855 18528
26612 1230
18804 6498
15659 5873
17532 9245
28614 21872
17033 17061
16908 19894
5431 27469
28130 3395
16935 21024
22339 26169
29412 18480
15256 14880
22101 6498
14017 25590
3719 17174
23968 24269
18837 8696
27073 29352
13970 1694
17547 11752
10169 2514
16758 2655
24901 12559
11654 25342
17108 1672
16868 4605
12025 26341
21106 3189
3316 26851
25605 21032
12139 384
27632 21310
707 19704
17155 11022
18684 18305
18838 7767
24638 9834
24604 8128
28457 7768
2506 22043
19866 9277
18832 26016
11514 16814
12118 24156
522 13716
19988 14257
29425 16853
2896 7285
321 10941
8665 10833
4782 7823
16356 14010
14180 16744
23235 19452
18059 27444
23633 19957
344 5073
8836 6425
11290 545
21588 22987
18794 27082
7756 29588
28050 28781
23865 21485
24732 10271
11297 11225
28031 9415
8835 9463
4874 21084
3406 22176
5882 18981
9860 26680
13482 9359
22517 8098
1907 3937
16665 737
10745 20010
14017 13679
23802 19226
7287 29393
12338 24798
1702 12075
12209 29695
24467 8394
11333 18551
23193 19057
19874 10632
15491 9468
18170 22878
23733 6290
17088 19443
18487 15740
28043 15895
17856 1269
1825 17420
25261 7780
21123 1057
13269 20288
5634 4813
28841 12682
14498 15129
9875 20785
16813 19295
1848 23150
7677 9476
12736 9868
783 21640
25772 20690
27632 25378
25928 1288
5091 15264
8826 12426
29016 29152
13347 26891
9226 18900
16497 13980
23616 10443
6768 26638
13766 27873
22238 15655
19000 17672
7270 17632
16484 940
7808 4346
19432 25756
8919 21100
22651 4130
11542 10883
3651 9168
15052 16816
5634 27121
25189 2910
7775 10454
19665 29819
8471 29575
25497 18660
18516 16345
23565 23649
11382 28277
5149 22953
25885 15931
29795 24947
13107 17707
27898 9784
564 15404
20222 26477
17125 21473
16096 28566
7700 26920
4165 22627
18921 24898
25070 2421
23860 4249
12848 19954
26633 4420
21096 11157
21150 2467
4393 15102
25311 20786
19551 15625
18537 8407
9507 8200
2285 9640
4670 26515
12079 6175
26448 15890
19242 17377
21067 16915
14352 14532
10597 9196
2778 2497
25236 28020
12808 7782
1004 28634
21074 19738
21645 12555
28890 5945
27688 11752
6404 15689
12491 9381
7841 19927
14557 14144
4554 27457
13130 18658
27472 157
2855 5939
27782 28601
6038 1275
11757 1185
10373 23154
19461 24523
22734 16318
22574 18600
23414 16977
15797 2710
7953 13029
8189 22164
29857 22627
6994 3179
23032 15250
9146 6593
9068 27939
3454 19659
9999 28435
17016 18267
1807 19048
1692 10721
24512 16103
2157 19642
19526 14466
12256 4266
6930 20079
7220 29704
2562 8353
12957 14867
3573 16416
851 2431
12423 28647
20164 11468
13733 6143
1072 20553
28672 21150
6547 25620
8807 25372
4438 2934
11945 21120
26625 17742
12829 17749
25265 15323
27170 822
15287 24736
16732 20198
21433 13931
29390 17932
3096 15498
16098 20008
16257 21631
7725 3879
14652 4062
28961 27507
28882 8113
22554 21461
13354 10962
21951 28999
17395 13909
18834 6383
18286 29158
19293 26231
29106 17847
27542 1959
14387 29358
24868 6178
27344 29055
1710 1772
26161 23380
14096 24198
20156 12444
22081 15627
13935 15635
15203 4204
14862 14041
27093 343
20965 5010
9427 11292
13771 10476
27069 17870
8647 19274
12509 20340
17273 24098
25460 4999
5345 20648
18195 12717
21572 29407
1541 29897
19214 25412
29630 502
28024 22028
13314 29799
26153 19523
27570 9976
26533 1816
3534 1031
29514 1295
19493 25906
2141 25175
26507 26468
2395 9294
16123 28078
2726 9183
29383 26346
13408 2142
28216 2710
12597 22813
21158 2632
20622 3153
3231 13306
4726 14900
9670 22263
2706 26685
18362 23939
18467 8133
4256 29890
23521 24875
1902 7717
17988 8484
5711 12056
15248 4315
20125 14306
6178 14208
23191 19770
25227 12597
159 16951
21744 9381
12985 8188
29677 27063
15590 19236
1744 28556
20902 15193
12753 7687
28113 28912
24917 15595
19490 6737
24815 13783
10101 26209
25730 2451
29536 19679
17141 24906
18419 29195
17726 19650
10648 117
3849 21426
12329 11201
29198 17175
26671 5374
2806 26703
29171 5106
11392 23760
19225 24186
2076 24439
8011 25240
14008 11705
8139 26151
13243 26889
11006 16476
29524 27847
25834 18380
21873 15598
19887 10764
2332 20108
11866 6924
13373 8799
5428 11867
12105 19080
10207 14084
26796 4702
25431 1162
13750 3675
130 23520
24690 6299
24397 17381
21106 23386
25081 18497
12101 20694
19646 24667
22440 5035
27636 2946
17692 13485
25766 27968
11954 2203
23414 16465
4614 27058
29265 12518
2823 14249
5524 17997
22870 19644
29318 26759
5331 16840
29721 10958
28307 21192
10840 5350
14279 8896
5029 9333
21548 6054
22671 21447
7275 10441
22433 17319
13524 472
19310 5865
18859 20060
20612 15255
5208 1368
14864 12560
5313 24398
15263 23038
18898 19832
11783 17734
5041 1123
3963 28184
7437 10517
20565 993
1487 6953
22492 24722
4140 27974
2492 11782
14574 9336
1728 649
6147 25559
5548 5624
17532 10309
9472 21586
6940 7367
8156 23195
12193 534
27546 7343
9959 17490
29030 3217
13259 21225
11440 25862
1944 7539
23454 3423
1717 3978
16327 27891
1357 26960
18978 24783
513 18585
19612 7557
26344 21976
7168 1415
14581 6220
20552 29896
7740 8849
19599 10114
4293 23084
10768 26601
22269 16555
15840 12853
1212 24543
15383 18056
16319 27743
879 28342
239 10998
18269 21325
19427 22399
26632 14685
19471 13947
22484 5984
29913 21215
28158 13858
3930 19963
4950 6808
9451 16011
22986 5254
16083 23854
17790 17151
25696 29089
29688 9984
9496 19984
3619 29911
7159 25089
1203 17919
7948 7092
28114 17567
5375 15226
11504 5558
6389 5056
20278 26019
16630 27149
9897 19531
15715 20871
21513 17597
3175 15882
25355 18837
5679 14762
24305 165
25607 22268
15596 10442
28724 10029
28736 14183
2029 12884
27744 14320
16692 6827
19675 26455
29680 13708
22309 23085
12717 28614
19516 20374
12997 6033
6349 3476
29038 3828
19872 7942
20509 21201
19936 27589
11144 1582
8238 23739
18619 25039
12646 6676
26899 28368
10629 20055
12008 2124
27309 22379
3490 17145
5536 10520
24049 19408
20919 23755
26296 10272
27250 8797
8643 28235
838 3293
6215 15011
17078 11286
3207 25965
6185 20336
3164 6675
20702 5804
20207 24245
27292 24008
27258 4218
10023 14758
3954 11537
2042 5690
18477 6134
6244 15049
26882 9334
23426 2603
28519 3440
13912 18508
27148 14714
5029 15441
20462 22287
25349 19744
16010 17663
22160 23713
5955 1148
13865 9889
24614 18317
24436 27866
19959 12992
24923 6488
5306 28358
29971 18271
26828 21755
11715 13093
4161 2321
5311 4549
5031 21466
26899 28209
21414 14610
10431 22361
15485 3118
4318 5988
2347 26630
20016 24924
6937 29113
15281 799
7367 12358
21098 14020
4257 26497
13209 17964
10347 21643
12894 29296
21286 24091
3764 17646
23367 26886
19501 27231
15486 26045
22196 24119
5011 1191
27800 17688
26278 7875
5603 15326
321 19510
3308 29732
7730 27320
14206 12211
28909 11385
6037 28526
28005 23512
25264 19489
21121 4484
20189 2537
13794 20813
692 7395
29966 28235
28938 8109
22693 12841
4097 29490
28846 6212
17129 234
21511 9471
11695 22784
14254 23212
16602 23049
16301 13972
28765 24966
10244 25072
6991 18753
1357 930
29800 1327
20730 18369
90 11370
17846 29566
22032 17762
21068 24687
12901 25575
19890 13780
5167 19035
10619 7641
655 15608
7442 18840
9378 25163
24227 27337
23463 23494
9284 14085
14562 6191
26208 14408
22328 21054
6436 24090
6996 13955
25620 8850
4321 15793
10940 2852
7023 12555
2550 9812
15134 1834
4612 5860
15488 6369
512 22588
25940 14525
26748 12377
2154 22843
27170 10547
3824 6442
11863 21144
29480 7233
2813 5399
27281 13468
11049 20839
8402 8144
16438 25678
18668 14262
9644 20469
7195 18986
7711 6935
19169 28575
27818 19706
11050 8883
29783 27099
27765 12658
28711 25996
401 5263
23953 6911
24207 7031
14645 9779
12360 3857
20296 24726
3167 11486
13489 12834
1278 4046
15913 16124
10448 20659
13331 17079
16037 16480
8272 27621
7924 17320
7745 18449
3185 24122
15512 4187
590 23581
22267 7334
5977 2434
4031 26097
5606 21120
6848 21815
6123 10459
16230 17357
1363 10041
1460 16932
29780 22928
20360 28150
16596 25385
10909 62
7575 5717
11642 24481
605 28266
7795 1626
11732 19702
23416 4499
14401 26204
8157 19936
11516 13317
15398 17424
28595 7252
9880 20760
10837 26607
20159 7463
16940 21119
9953 13503
24519 11777
18897 16352
9475 6559
6550 18010
16341 20695
23044 6354
440 13383
15564 19707
286 4445
28277 11150
7412
27916
25966
11528
18525
671
9625
15733
18419
6946
16374
15837
28534
23842
23303
19452
18394
4921
29820
12045
23823
8287
16881
13720
25518
8634
5117
27468
1368
26483
6071
12821
2791
23840
25538
13554
6825
26746
21688
25939
17014
16963
758
2337
8983
11100
20595
14327
18352
4055
16936
6662
6867
26769
19371
7393
29725
1445
26205
24680
23828
13134
24599
17336
20913
25568
18344
19423
12622
3406
5624
12548
24321
16243
21449
7266
4876
15028
18878
13402
3272
20607
27833
29853
16608
27157
23817
5088
15045
166
27753
25391
20397
23242
8721
24041
6936
8171
11515
21365
3877
824
8014
14855
7207
7176
19754
20855
20876
4374
12255
4919
26010
4355
16441
12868
19332
16434
17317
11349
5765
27201
28900
6546
482
23367
10398
9244
29989
16779
10291
21207
5492
13064
23634
14453
8042
369
14323
2213
20099
21876
16447
16365
16306
27805
21367
13128
26686
28579
16510
1827
2806
6698
5572
1089
6203
13033
829
14646
23200
22560
9012
26981
28526
5464
14871
25708
15392
14499
7710
3880
8699
13528
15613
24835
7609
6009
29413
21591
16879
7016
4168
26773
19491
23110
9438
1510
12430
27709
23217
16584
3624
13945
1252
28121
627
17290
29797
2546
18235
26179
16160
20100
6414
11901
25372
21352
19363
2747
6227
3736
2127
21960
21600
4414
4769
7135
1051
29477
14967
29945
15429
11685
19651
12081
7908
8061
8621
15983
13801
5685
5955
2681
7537
28581
16471
12793
10200
28269
7013
8242
7900
24671
20207
11108
8801
6237
1310
29117
2135
7331
12219
21249
28242
21473
9130
24591
26783
2055
19087
9637
1051
23018
20889
4047
25438
29323
6010
15688
29906
6551
29818
6776
22044
12247
17514
28740
10273
20161
10070
22663
20784
29476
17470
19345
22596
21076
21602
17788
21409
19464
20680
11560
13175
755
8015
16237
29577
24583
20859
26236
25676
29125
7967
465
7215
19471
10283
1235
16520
13556
5280
6873
24747
3803
4678
26080
15892
25902
2915
15521
24455
12564
6369
10001
27809
9389
12529
20216
27259
19518
26984
29123
394
5380
8749
25741
17653
1055
22451
22263
9986
13223
6109
4987
16064
2222
23858
9014
6053
14641
20257
12409
191
8606
20606
18947
18312
6799
24766
8863
24321
14239
15876
14298
14575
17198
21309
22001
7677
11185
7386
6705
13910
12732
1804
24180
9206
27769
26419
23251
15549
14036
6035
26029
26749
14249
25330
20781
26815
11501
4326
14756
18027
8576
27974
23925
8875
9621
25208
26998
18475
17237
6686
18652
22439
11019
20490
24476
2363
23244
21635
14111
18677
3694
13762
16247
24973
17747
4462
10574
23648
2363
18074
15424
1938
15369
22219
24340
693
26401
26559
19580
23185
23209
5886
2276
26466
10922
3933
3290
8130
15787
10216
8218
10988
25953
18429
6190
28842
21204
20092
22559
1360
22656
10975
9201
16851
16652
16044
18882
10571
14060
11173
26013
16570
17474
28725
21788
6370
23769
26774
12539
16528
7134
9331
12814
5433
13289
2767
16602
5103
16424
9582
21344
21380
27479
13207
10111
19991
26517
24527
10490
8148
18848
5879
18241
15971
27143
5401
21299
21725
16321
12564
15118
17391
1137
23517
13421
16810
11023
5249
9139
23040
18319
9200
29220
29497
9238
4230
5008
4515
15650
11781
13307
13574
28723
21380
8076
5148
8178
6216
21128
6718
3989
29816
22306
2341
1163
10271
27265
20151
22021
28523
17737
150
3311
1857
12021
20365
8270
13582
12845
17422
26792
8607
21804
1878
11187
1203
25842
8388
12833
2129
5663
17426
3490
29408
22221
3547
14980
16512
4968
9365
25207
4631
13214
11921
8507
28073
27473
17388
18051
3304
1011
21329
27108
16218
19169
2834
1789
9893
12948
13480
21418
19367
19655
8846
18749
28598
20881
3035
8111
10789
18374
3103
10136
14143
13271
14822
16978
11790
15247
14291
23709
15854
14137
17606
2474
5524
23686
20649
5805
4231
28075
21177
24334
22695
29074
2960
11555
27127
27805
17937
20826
20500
7889
28555
11870
6523
10609
6699
16850
20789
14300
22638
27987
3333
23483
2224
23294
22296
11736
15391
14614
3781
18498
29926
23565
133
23632
28928
7076
14691
12091
2121
29684
27009
26683
6153
12324
15353
5082
25894
29171
593
22680
8802
25007
16420
18161
8976
24840
13792
5532
22479
8419
7752
4090
6852
4247
18426
13187
29392
15103
22077
13420
22931
18164
5797
22185
7311
20198
13614
1682
12608
28194
23573
12701
798
28322
22407
26639
8164
23943
3052
13107
26968
8218
15032
12411
11750
13670
10399
22847
621
20169
22561
24281
26301
1642
8882
29249
3544
11833
11817
12461
7548
11504
343
949
5644
15483
6651
951
15063
11446
3139
1717
2393
6240
2259
21064
25102
20499
23070
12472
29216
12124
3599
632
4748
21890
27739
25393
29944
8693
10069
18989
1417
12702
24543
14527
23831
12138
13716
4894
22196
20480
21025
19267
23090
24211
14038
21001
19963
549
13739
26374
22788
8398
1053
26166
24133
29249
29114
24741
8929
28987
6104
21294
17618
10117
4484
24461
19578
9538
6906
25051
23723
19022
27892
28660
11576
14015
16194
13990
20616
12483
25994
25478
28089
2322
20609
29951
8591
3985
20356
29682
13128
13215
2243
7339
4746
27119
22612
14068
22733
28554
3916
15453
14004
12536
26859
20058
22002
25528
24899
5369
23819
12001
27548
15859
28490
23612
2357
27493
20587
13026
5468
188
23478
4074
787
18809
19808
4962
18672
25367
15958
1903
9349
2331
7146
18222
21874
25449
10378
21303
18260
9699
2409
22973
13619
6219
22781
9438
8472
16972
4923
10814
16288
10127
9575
23124
2113
6625
9585
11284
19512
2189
11625
6074
24203
9235
2374
13369
28267
11012
4411
12582
7919
12589
5361
21617
3282
12679
22434
7970
2144
10924
19608
14016
9302
28464
9331
27469
6302
10925
843
20398
28957
371
6083
23864
14986
25448
13567
11712
4612
22523
22460
20249
6452
28708
20815
23903
421
25108
10818
18794
23219
29731
27168
11703
29638
10140
13842
14773
24944
24287
16958
25059
23016
17456
7131
10547
6178
23137
2889
26438
28280
3482
27256
20440
18592
18730
17872
28359
18923
6949
6072
4064
2424
14750
1069
12811
29063
6991
4091
14629
23460
10224
19621
13197
506
11355
9766
8605
2430
23805
385
161
5216
13870
26282
27741
4809
3888
7783
16302
19917
11022
5619
9639
29053
27702
17634
3502
9871
1346
17539
13972
15681
6992
21674
17296
17126
5265
12109
2460
16649
20706
28703
21551
4120
9562
5175
27147
18946
1053
20633
20084
22146
18712
16513
12824
16931
15425
2613
8598
6209
7774
25272
8767
24346
16008
10429
27256
2860
5582
3421
20546
24634
20344
2833
9969
17088
23063
26393
21183
5212
18575
28257
27088
21858
26684
1308
17676
26795
3939
23834
26555
6264
13864
28586
14206
23656
12371
9989
22293
25605
14765
20635
8308
10049
7751
13886
8021
22846
7371
6215
28262
6377
29731
27447
10058
5285
690
4691
21762
28454
23448
12231
15852
27375
3196
18933
21007
3626
27870
21490
16513
15699
23091
22738
13990
29771
1913
18525
19649
10546
12766
12813
4634
29981
5349
7873
11224
14682
28870
20408
24373
6202
16296
28595
14130
8998
19415
8378
26428
24855
1051
14254
1605
16833
7903
3914
19837
6490
15514
9159
21118
9777
22138
4969
26597
25117
24338
1440
6801
9243
4781
29434
12211
24111
21215
5006
19051
18817
4031
15485
4967
6619
2906
201
6850
2605
5707
10892
14191
7371
11316
16253
4420
21988
21731
474
11149
6156
7027
11115
10934
5491
17219
28735
14454
8917
23813
24384
5668
24499
24120
26771
3026
10423
16117
12032
26878
379
15953
22341
5653
19311
17874
26378
5960
6086
4417
25197
28766
14310
17532
22975
21234
11135
2125
17655
266
1840
6048
12731
10801
29424
3713
5274
26360
29814
2847
21220
18316
19069
4313
25835
27439
16484
19834
4073
25430
16450
22931
4349
28236
29111
21705
26156
10503
13954
2381
29579
23375
19295
24765
15386
16022
4313
12523
806
11241
8160
5569
12737
7122
8720
4335
4277
1600
6737
16267
25678
25160
28742
4952
1437
15166
22364
15018
26161
11264
2805
401
5472
12193
4693
10059
17762
25893
17936
6235
1672
16072
28973
11746
1320
9736
9039
20510
8207
29926
24818
4003
5932
25026
27804
21824
10460
4227
19379
29234
13338
4952
14874
1447
20428
3189
2571
6019
13865
15075
12009
9686
8100
26797
14305
18558
3157
3941
3266
2292
24130
17773
8889
8997
9210
22597
24800
546
23849
14442
454
22109
25711
7590
424
639
23553
23467
3282
10686
13701
17210
26157
23932
11803
22913
28122
24921
26957
16548
29920
4125
13641
3809
26758
3051
5901
21479
3105
5537
28187
28008
5615
1179
2786
4983
28454
10096
26528
20252
2056
26706
6103
25554
5014
27680
3605
16605
26109
17389
23005
25471
21684
10710
13606
26626
3032
9866
13786
20874
25906
11238
14959
12826
15908
25464
26455
25615
18513
20869
22611
16958
7743
28698
9311
24389
15918
18428
13414
10015
25343
1631
19410
20923
8974
16334
7948
9140
11865
1212
28581
11095
22200
11141
19881
12867
18591
12373
5822
19439
1405
25668
25993
10300
82
26759
25064
11370
20735
17301
26821
14664
26186
320
6004
20575
25623
29630
25116
5174
19175
19200
23085
17974
9048
1693
25820
28360
2775
778
12586
10328
8774
17385
9096
1084
12960
21882
663
5792
4529
10362
11118
12912
13261
6921
841
12546
3524
19933
25562
14329
17347
23255
29407
29141
1317
24308
28096
27706
5971
20898
23924
22423
7554
20157
20517
28890
17306
15502
9263
28444
23826
1009
11893
1623
14232
15120
25174
20268
1443
28562
19486
2449
13531
16419
17380
8774
19994
14829
8952
8049
17151
11259
3081
23572
15438
18222
26766
26806
25554
13620
28323
9446
22676
2240
23768
12716
7873
12844
25491
19251
22380
17259
29821
17457
25284
14563
2164
369
28629
14908
587
7972
1168
14015
8159
29579
12629
23887
27711
9875
28346
29725
10651
28306
27519
22020
23581
13840
9491
18325
28541
6724
22026
15920
29235
14788
1730
16317
20267
11217
20808
617
16777
289
5481
28696
15894
28023
8620
11850
17127
1349
17400
4778
29062
3552
24470
18805
24501
16671
7074
28937
18299
17822
9351
24897
2785
21472
19897
7658
16501
26024
8063
11087
19084
28178
24581
25880
23981
20597
15586
5787
10182
26475
9787
12645
23146
2628
15028
9911
2841
26801
16903
10286
23440
20031
1301
24503
28697
16056
483
6595
17996
5752
5405
28234
15914
11422
28873
24222
17946
25320
29308
23684
17285
13678
7158
24246
17664
5771
21287
14978
1521
9686
24892
7874
24840
29632
15659
19072
11488
12702
11346
23328
3434
7603
6708
16483
26870
26041
11037
5594
24046
20910
9069
22019
14869
26458
15055
6314
2874
17118
24448
14421
10196
21779
13593
4583
680
17416
2779
28019
26861
27850
1623
28390
23229
2609
5428
9483
11845
29707
7547
22185
4315
18902
10533
17511
17412
10494
9043
12953
13326
20091
28950
2856
1194
23877
13795
22928
5062
6504
7015
19427
18996
14345
27398
17466
6275
22991
15560
6492
10737
13561
4245
20099
9130
7564
16192
17321
4249
21804
22637
23162
27672
21484
19863
21586
24335
13345
22369
25479
6348
11079
21845
5409
6093
8640
16983
25051
12277
2857
14653
16125
23949
22618
11335
3430
3955
16931
11489
26334
3426
10246
16799
15112
22597
10593
11276
21285
6599
2680
21865
17381
27976
11879
11090
23968
28426
11468
6678
292
8984
6507
20292
14815
27546
17696
1524
24309
7544
6321
18086
28088
23415
20930
23786
26092
20144
639
21684
12264
12635
3469
28493
20808
14380
12187
16229
29745
4662
6376
21250
10413
4337
23614
2231
22231
19943
2830
8257
22326
3541
29145
3179
29460
14466
312
28828
15842
3967
13451
27182
14325
20842
22289
23683
12436
22989
10226
28295
406
7499
29822
23613
19648
20196
24554
17623
10531
6105
11978
26296
13668
23024
6612
11252
23166
22310
24284
2167
26539
25032
13148
659
26173
25080
16030
17626
25095
999
21543
12344
18769
7827
29406
16521
4773
29615
19310
28824
13359
263
28805
27366
26616
17737
18351
16028
9513
12187
25401
16758
5883
19401
12432
25826
2395
13907
13343
17342
23925
10039
16554
2253
3906
5977
1635
9653
2350
1629
13466
15967
18197
11668
6040
16906
16125
367
25406
22855
6051
15006
5162
14474
11641
12720
25341
8088
3054
20425
5079
17719
16695
3762
14733
4596
9958
25408
19476
19450
8633
1900
23597
20046
262
21808
28577
26621
4114
19826
25309
1926
3206
23167
23921
25805
14620
15646
17483
19786
16726
1232
21183
24663
12821
10855
18963
16693
9206
7612
23455
6157
28847
20144
5190
1492
2947
11646
3890
21202
5201
21935
13987
17420
20496
25000
26532
23038
12687
12253
12780
22122
27110
9757
11019
17414
22955
22393
10971
3648
6665
20245
4893
28131
29500
19432
22346
20511
16037
2898
24963
22253
23732
12805
22102
5925
29498
17679
15344
22450
6050
25729
20065
29939
7374
28814
5878
2946
6105
10385
20493
1371
22489
12321
16286
20478
9859
23666
17423
1836
24531
18295
6767
6158
9916
9253
22180
13246
28121
14050
21680
29617
24033
3558
22207
26713
27528
22600
20959
13965
3208
26959
7961
21989
22781
19113
29522
28728
27495
12789
27570
18196
11688
21630
21165
15133
14349
1425
8485
7982
29442
24108
19357
29150
4904
29991
15461
18198
2173
3704
25366
12726
10421
27227
26034
23443
24505
27342
23104
14359
29563
25839
26958
27121
26141
16068
29945
10237
7983
401
6466
24245
12702
7325
1673
22956
5121
8782
28810
7997
24524
27450
24792
15129
1788
17413
25106
8039
29394
7152
3918
20757
10889
27879
2297
5014
22116
7949
24428
25043
3874
21849
7705
17235
26480
26813
9475
16407
12652
18377
13317
17739
10895
8788
16784
14632
4520
29212
19218
10979
15824
21614
15590
11494
27939
7777
905
18948
27290
203
21914
20273
7853
18554
19241
23277
21117
18152
21041
6449
20542
20355
14018
28478
17017
5325
9494
28849
1481
21635
13619
18585
9426
29027
2333
14651
6023
12667
28208
29258
5640
3483
5356
26469
23216
4062
17834
23091
16972
981
18617
25378
15615
8350
28182
2273
28315
7130
29043
16547
5212
2437
23988
7467
10817
17347
7878
20253
15764
3935
15838
4351
10370
12724
9380
23301
7738
23309
26971
24515
4957
26475
29809
4259
27545
2603
8448
12329
8893
21637
22445
10720
21859
25208
29651
26963
23195
19976
6980
6027
5947
8915
14252
17548
17717
17348
5406
22360
8490
24751
22783
16610
372
2431
7481
18421
3066
22396
19765
26250
8458
7664
3299
8949
12914
29035
8156
29585
13463
12751
11669
17048
351
5255
10102
18747
26086
27286
16082
19523
7319
24196
24048
7698
27947
18789
11509
4638
7934
11707
27471
22455
17711
29840
9475
10689
18076
9549
21604
7716
29223
28255
23212
24526
10708
4294
3973
10348
862
14013
29471
17209
17324
14112
27204
225
9514
27899
29286
2834
10148
9693
12808
27755
16426
10979
25079
4601
9250
10701
5906
14637
9784
15933
18095
7615
6427
10447
8205
16330
20156
14547
8498
8314
28514
16944
12028
7923
25165
8641
17787
10403
27931
2745
19556
19902
4953
3283
8242
8696
8270
3486
14508
1571
12426
18912
22218
21829
17368
17063
27037
19963
2018
1727
15898
6364
7947
26579
24150
2092
738
12012
17204
182
7052
4736
10050
10243
15239
2361
216
14098
1753
10962
21066
768
29381
10497
16759
27601
10848
2664
25501
2282
27285
7952
21579
23481
20001
7272
22198
27530
29226
18259
17135
8394
19611
22212
19507
14429
19742
6534
13474
841
28320
9887
16864
17036
2644
24580
8379
8508
28486
11218
5111
12614
27484
4834
2250
20272
11877
24180
8029
1117
17368
16708
15096
18450
19211
6756
20792
8375
20745
15475
10075
11036
21146
29209
22721
4653
1639
24682
6796
17170
21843
17675
23450
12404
19659
29347
28728
25311
6207
21699
6069
18888
20904
1488
3999
7043
28178
15687
16064
13449
12609
14830
26148
20832
28827
18557
29440
4419
13031
9295
19586
7261
14114
17723
10759
10070
27958
11246
28598
7415
13601
18376
19944
6576
22690
26673
435
20459
13700
26184
25834
6925
14081
4907
8078
1348
14077
14936
10846
22100
2763
28879
14991
9152
15997
9986
16648
25856
14686
19037
20978
5017
6219
25345
22765
3535
25169
5260
709
25404
13211
3415
18256
1633
10315
72
906
7640
29436
16259
23300
8736
9909
13808
11380
25846
22939
8162
28374
7528
26576
28081
12674
24963
26490
22130
23674
7456
8853
21586
11651
26839
4282
16809
6903
5348
2430
18971
18643
6647
25529
16542
16313
9032
12804
12205
24477
28698
1599
21529
3690
29039
15611
19274
22438
21802
29507
21779
26850
28753
26357
14642
6137
23844
6150
2610
12601
24085
12501
18200
17992
1653
2490
12059
9833
8319
10677
13668
21652
15348
625
17014
9484
26471
7806
7504
12845
29377
8785
9043
17404
20897
18492
17235
2826
17401
29250
12668
22986
8092
3017
7178
17684
28699
16590
29932
6399
8959
6151
29482
3875
8267
2493
29482
8938
8851
1870
22230
8853
4847
24774
25151
20898
16450
9426
25727
15432
9040
20572
16550
12943
609
21767
18141
17189
0
7977
10035
8583
12166
22639
26011
23631
29282
25120
14757
13948
1894
19700
10068
7364
6648
13720
9963
16987
24511
14683
14227
28662
11783
17988
14738
5899
17712
27376
17878
5570
8897
2729
10350
12025
3601
25322
22994
1261
14383
23588
10146
14597
1119
14690
12198
10871
29319
28462
25794
5934
7996
5276
14450
25258
5357
18711
25198
10312
9725
11490
19639
7604
26819
10442
2678
21157
22559
25443
651
25989
25389
20831
17676
21601
12669
1372
5716
11513
2128
29028
7622
15944
20210
18292
6692
21543
1405
13468
26363
14721
18848
10045
16022
13683
29315
4870
19606
23587
23209
7797
15440
6417
10435
22173
10931
13276
10926
2509
28567
20147
21901
17661
7801
4041
17611
12038
20160
13032
5561
20145
7061
24613
10356
9209
13294
750
13170
15771
20250
28313
15350
12553
16789
29773
16086
1062
10830
10336
3871
8347
18677
11244
26977
16856
18556
1040
20283
121
800
11322
24365
9270
24327
1923
27541
22593
5326
7582
20855
16192
4355
17816
5046
21017
5883
28225
5793
17110
22052
5186
6873
4839
21689
3030
12416
23035
25361
11867
225
28092
20642
5638
14001
1590
27603
17629
18211
5513
26195
349
8572
14666
14032
13467
13242
9461
15306
26618
9018
13740
9689
24446
2196
18008
23606
18554
13768
10335
16610
15064
23099
418
3325
26056
2717
17538
14605
29197
25449
1524
23623
23062
656
21920
7614
2662
437
12531
1423
12412
23277
11797
2053
15037
14205
289
14357
8134
2910
9040
20357
1237
14416
13122
16917
3641
23768
3579
28169
15234
17549
18182
19671
7595
29288
25951
6661
13602
29881
2759
14122
2186
10813
26624
24023
29313
16540
6311
5765
12103
26970
879
22943
6637
12872
18946
23213
20580
12896
29398
18312
17920
20138
20213
17499
16971
25923
540
3728
29354
21322
4273
14064
3549
10054
20577
14421
8178
1090
21933
251
9891
26997
25435
18251
1367
2072
8689
3632
22396
23309
14536
26020
13948
27525
12026
25053
9901
27805
2584
19676
14466
12832
15893
28780
3037
28654
853
29867
21608
14428
19712
15685
6423
13374
16417
28585
2967
27534
5018
15673
26904
24255
13883
22164
21888
23995
19047
26583
19633
12100
24751
14078
2303
2465
29361
29816
20295
19277
7070
7074
25044
4154
3489
20486
6045
571
16861
27052
10959
22559
15936
19942
24702
16922
9440
599
7353
25986
3203
26454
12065
23494
2140
11776
25838
7999
1250
18945
14732
6425
27753
5975
25628
8772
11813
6605
5722
7057
12947
18371
10663
26098
2259
16927
14367
10134
12811
12181
4980
4577
22536
17400
5239
26791
16403
3541
14231
2781
26463
29214
5860
23665
16479
6338
4716
23095
18321
1235
25934
26002
21766
1953
22300
5609
6983
16701
23197
8081
28251
24500
27853
24701
5379
9473
26656
9233
23023
24918
25759
10326
25142
13995
15563
1467
11739
20184
27110
24242
17921
8900
4320
10418
29434
4557
4898
21102
2973
14002
25288
14261
10141
14010
14191
22557
23297
14528
6384
2735
22089
24013
6825
15115
8342
4503
4148
11751
4228
25440
3292
26094
7082
23613
29861
12620
3252
1007
26102
1820
14805
18869
27902
19460
1253
5790
27919
22037
10382
12766
25635
13030
353
7253
9312
7060
12223
8660
19559
19360
16074
16874
8980
24918
22947
15343
13836
25700
14573
13831
6418
4578
25640
25054
4882
6276
27817
21711
28555
1052
6336
27517
7252
29154
10271
15076
22369
29802
3038
27456
27141
12709
15223
15481
28334
466
15728
12382
27287
17443
14490
18880
20004
1087
2943
7110
8024
11910
9198
22709
21976
23959
25520
7880
11240
12695
11062
21952
5480
6430
19327
7399
27798
27407
2212
19405
26724
8327
19812
2620
20569
10555
4271
28699
10325
24368
4402
18572
9237
7504
6805
945
32
24136
7567
17897
10728
10224
8912
14416
3432
11229
16251
26154
29240
28104
3853
6383
6952
23507
18757
26087
22209
22193
19709
7231
28073
20357
15318
11413
27677
25449
6091
22411
2153
6468
19949
7466
4473
26510
6648
27650
3874
23317
19598
9155
26518
28539
9626
17259
13262
9475
16126
28210
15519
4143
6976
24240
15941
6426
17025
4294
287
10403
26088
3553
27502
25252
116
17955
22027
21062
25529
23588
27331
14548
16334
15866
5711
23578
27918
7516
12257
17451
25811
7077
5685
12423
12249
24709
6763
27021
20394
5799
12906
4768
16812
16206
2438
21353
15736
21491
17038
24414
1471
25763
18871
20730
25359
24666
22340
16555
21161
5074
6611
28725
20830
10471
19306
2593
7892
9091
24834
20350
7129
27157
3864
27940
19316
14813
19791
20702
12611
19796
18019
28044
5660
139
14280
3883
7899
17980
14122
7280
25124
9178
24206
