8000
2464 8943
2288 3769
2579 5105
1071 9933
4237 5635
550 9470
2064 9829
3678 6141
5873 7826
466 8687
7192 9454
2101 4052
4696 8263
2485 4248
3906 4677
2988 9616
3490 3620
3878 6352
6955 8395
3023 5407
7536 7823
150 336
9048 9843
5352 7680
2198 3872
1628 8549
5610 6315
6844 9193
3426 5456
4800 8990
2344 7579
4260 8115
6274 7782
3075 6296
2193 2908
3341 9494
8471 9156
4190 8707
861 9901
582 1569
1865 4894
5541 8305
6057 8498
2734 5055
6917 9647
3281 5098
3838 4593
1262 8438
8964 9124
1550 5255
5919 9457
1015 4430
2347 8176
758 9234
5162 5999
1004 8784
801 2367
6047 7182
1405 6317
4756 5621
1123 8298
1 4649
759 844
2148 8249
219 3738
2619 6968
1117 7869
5949 6915
2333 8445
2113 8444
5555 6930
2242 5313
3207 8255
1405 6870
1980 4149
991 6990
1031 3440
4159 9541
1728 2906
5069 8320
7699 9108
3173 7866
3341 3754
5336 7274
2471 4802
4979 7334
7411 8171
1074 6784
2787 9403
4541 5761
1497 5361
8293 8530
4806 5541
2712 8896
8105 9835
4964 9627
3522 7767
2821 5792
3736 4564
3381 8648
67 2295
1653 8665
4997 8185
7928 9131
1199 1239
383 8028
2618 8436
1879 2233
4768 9334
3380 5691
5256 9167
2486 7453
967 8869
749 9959
2204 7996
3826 8429
556 9938
2252 7520
4047 8003
6479 9956
235 2689
2070 5729
1092 8443
5265 7033
4441 7011
7413 9616
463 5574
1226 9952
6038 7693
2776 3261
5953 6444
35 1491
170 3485
5554 8546
340 7212
2644 8756
2722 7505
6900 7157
4173 5268
5005 8254
3328 8238
1211 1353
2957 7883
1137 5883
8744 9480
3143 5345
9429 9984
4616 6363
5882 9717
6576 8417
3860 6842
283 1332
2087 3228
1591 8589
1670 2936
4579 8626
4836 5347
9829 9873
2772 8311
1361 1378
6955 9228
2522 3293
2061 2899
4625 6166
705 9766
417 5975
5190 7695
1323 7358
2784 7973
2404 4417
232 9074
2759 9970
1462 1773
7680 9680
2860 6568
6713 9502
4869 5859
1072 7179
3619 6704
1710 2763
7585 9468
6472 9785
2727 6406
1313 7289
1953 6001
625 7448
1510 5964
4071 5270
7585 9629
1731 9821
3186 3353
2467 5588
1269 2876
1757 3578
1913 7616
3299 5399
3180 4187
525 1684
4851 9035
1499 7823
5185 9631
5472 8346
4819 8925
5379 9752
1432 6876
1914 4111
2520 4529
5988 9134
2605 6867
2406 3769
2109 5033
2374 7858
1721 6779
1 3808
3007 7391
2411 7125
7528 9313
965 9576
1054 5644
6315 9345
1451 4382
2473 7493
7917 9904
805 7527
8784 9335
1016 2190
723 2867
956 7304
6562 8687
2013 2655
4483 8471
1663 4062
161 283
3848 9737
1384 2192
2062 9446
1066 4304
6381 6655
3499 9285
2070 8773
2351 5015
2292 9050
307 7551
3446 3657
8011 9471
2110 4374
3324 6654
3767 5215
1032 9662
1566 5329
1023 6039
2632 3135
376 8742
2871 6623
154 1102
2804 3375
6448 6486
872 8107
3535 8296
6522 7477
688 3157
566 1779
1675 5766
1724 8379
3339 8436
2092 7022
1707 4350
3991 8694
2734 3030
4528 8207
1126 5438
6329 6469
8317 9770
3716 4510
5291 6622
2027 4925
7238 8898
2328 3797
5307 9417
2563 4834
9176 9353
1008 6717
5361 9135
430 9735
3468 8680
9694 9853
1839 5797
7340 9538
4454 9070
2940 2953
1564 9119
777 7962
5295 7187
196 4893
4405 6543
3946 9598
2149 8343
6225 7387
6920 7296
3491 4185
2746 9089
57 6790
353 5872
294 4546
728 7662
2886 8196
7616 9654
324 6491
4541 6289
2263 6191
5038 9681
2913 4081
7965 8526
1494 6946
121 1584
440 8780
8893 9798
9588 9980
2007 7218
3010 8391
2155 4611
349 663
116 3798
2159 3969
523 9975
5958 6632
115 5849
17 790
1434 2395
3878 8790
1642 9794
1452 2892
4958 6654
6275 6540
2207 6525
4157 5687
1131 2502
1637 5204
1832 8515
6291 7237
3909 7994
4130 7334
4236 7366
5563 9131
455 8352
1558 3910
803 6516
2507 5311
5990 7344
5887 8193
5047 5108
7672 9890
1646 6917
8279 9302
888 5732
4555 7177
6385 8635
3155 9906
2312 8712
2187 8144
3982 9587
4497 6193
2645 3540
1240 3089
1541 2256
1116 9053
1175 3148
2954 7904
6358 7565
1965 8760
7499 9911
2698 8011
1341 1700
2535 9183
3125 3159
3351 3396
3364 5908
3037 9969
5993 8618
6267 7462
6276 9429
7540 7660
2514 5018
5149 6265
7171 8596
2580 7641
182 1069
16 770
926 7046
527 9755
1394 8382
1715 8593
1345 4951
2737 3111
451 9646
3533 9648
4607 8953
2344 3639
2074 3703
969 3340
7146 7426
6901 7933
6182 7379
8398 9025
3728 8233
1009 4481
5254 6842
3755 4439
4862 5763
415 8359
3805 6114
269 451
3350 8567
921 8855
6088 9278
5884 6210
1012 6085
4166 8788
2378 6542
1255 6249
2848 9781
2609 5311
1431 2091
7140 7343
4480 8563
3493 4640
5430 7397
1344 9059
3064 8341
4052 4503
5850 7156
2924 6329
5314 8121
1207 3277
6896 9368
647 9416
3226 8725
114 7325
1539 4658
8106 9736
2241 8806
2987 6967
6578 9363
1930 6148
2576 6484
3902 6995
5250 7309
472 6872
134 3733
980 4033
406 6006
3093 4387
6203 6564
495 2758
122 7875
2448 5720
1205 5026
5620 9340
5058 6564
1524 8708
6855 7496
328 8708
5551 8491
2075 3531
2591 8107
4025 8058
2987 5408
2489 3195
3423 9289
3366 5484
423 9794
874 1221
4870 8955
3786 6580
1760 2814
430 9133
2702 5151
7071 7982
1326 7310
1155 8086
6367 9745
984 1101
1057 9181
4972 9404
4392 7411
2912 4989
3982 5004
543 3028
5800 5882
4889 5732
4190 4303
3359 5628
102 3838
4648 6212
1587 4247
3109 4828
2728 3605
5478 6314
4936 9850
4590 7122
3895 8581
3551 7964
5877 9981
908 4893
6874 8702
3752 8093
498 774
2410 2436
122 9386
1204 4263
3037 4547
695 9118
6655 8988
1324 8905
1039 6390
5592 6696
2140 5590
2214 4504
570 7618
5954 7604
3676 7664
3207 8544
4971 5034
6 6418
32 2499
5982 7448
1162 4739
6093 6506
1161 7250
6530 6696
5887 6408
2591 5130
1081 4255
7153 8361
181 9050
3503 8530
1398 1441
2993 3935
4500 5043
3670 5111
1059 4368
1709 1798
7589 7713
5667 6235
1897 5362
2421 3583
3434 6061
1312 1431
7842 8651
946 9008
4369 7104
7138 7574
2033 5155
975 4396
3069 4521
3889 8491
609 4270
4443 6996
866 3470
4519 8968
5453 7270
593 5576
2991 9258
5520 8828
4298 4300
4447 5006
5211 6408
4436 6838
729 3181
139 7460
2558 9719
1544 9358
3049 6833
7411 7638
2009 4773
1986 8366
5600 8111
5060 7035
364 9146
2516 6038
6298 8326
1316 5578
1766 8447
4823 9780
5910 8296
574 686
8946 9097
3553 8623
7006 8380
4213 8081
5357 9774
497 1864
1056 7185
1357 5913
315 838
3350 7745
2154 7253
4414 7465
1972 8845
3533 5322
6418 6615
420 6636
973 1328
4779 7001
1852 6475
603 9394
6017 7340
5111 8227
535 591
5870 7494
3219 7338
2728 9382
3105 8298
2172 4016
3826 8595
5372 6857
3058 4696
1119 7828
2419 7053
7394 7807
368 3479
1127 5788
4655 5006
2748 8380
4967 7546
455 3747
1879 2115
1297 3126
695 2343
4853 7521
3151 3952
3432 8229
2315 5157
2135 4212
3154 4904
8320 9016
3312 5572
5628 8868
5396 7224
1870 9748
1842 6197
4430 7169
3006 8632
5811 7708
435 8570
980 8990
4739 8122
4655 6492
7629 9271
3279 5706
6537 6858
921 1381
7402 9618
4110 9208
2053 9961
5181 8615
453 7825
4667 8013
183 6357
3136 7824
5650 7340
785 3322
481 2396
2473 8405
5800 6810
3380 4855
1475 2396
7039 7118
4728 7087
441 3858
8412 9708
346 8557
4238 7698
2724 5075
1206 5582
4063 5582
8242 9871
1019 4408
1455 9682
2171 3432
3763 7813
681 6909
1417 1550
4348 6447
6710 8080
7628 8576
4632 8356
63 6247
1559 1886
2120 6454
790 4721
1284 9562
1557 7192
6365 7498
1114 5299
2864 4210
4253 8431
3278 6198
6597 9403
8474 8518
4119 4255
5663 8172
1734 7302
5505 6921
3782 3884
2772 6063
198 3505
670 2496
2738 6024
3209 7149
840 8559
2312 6917
5006 6575
1559 8190
720 4217
561 9908
7299 7880
3198 9263
3517 8332
7409 9365
1571 1784
3559 9466
5122 9324
4945 7924
2880 5751
6550 9470
328 566
1355 4548
2384 6601
5727 8802
3997 4098
1669 7247
2059 6489
2473 5185
249 9502
1165 8884
460 3793
1800 2999
4345 4380
4452 5928
2882 9267
3662 9384
5199 9885
5336 6280
3088 3851
5158 9533
6289 8132
1162 3782
4868 8507
5042 7384
738 7339
3118 7015
3344 4713
2132 8825
2874 9335
2385 6916
4102 8048
2660 7395
1882 4464
5371 7032
6911 8736
4389 6631
2057 5229
1599 9124
4522 6878
4067 5194
3422 9549
4262 9421
1170 8488
5023 9585
243 2066
591 8195
674 8870
7904 9220
6011 6294
7599 8184
795 7378
1098 9768
1987 8521
6378 8646
5601 9442
1444 5123
8984 9742
4192 4725
3 5463
2102 5639
4073 8867
3606 4098
3096 7142
4118 7523
1676 2141
513 6798
642 1949
872 9471
7388 8888
1061 8026
6070 8027
5478 6929
2856 4845
549 4557
2323 4815
5382 5424
2356 6793
2165 8866
4162 8741
1370 8916
2132 8618
5463 8762
1440 8349
1150 5117
5226 6944
6038 7306
3637 9732
8322 9948
2986 9388
1078 7177
2928 5557
278 6542
163 7652
5130 5329
3654 7405
1302 8277
1943 8767
6670 7654
4380 5918
4486 5168
2512 6105
1577 3740
1692 1746
2335 4769
6633 7965
5634 7641
1597 8386
3817 9113
4726 5321
1851 3036
7669 8270
6227 7132
1431 5735
5539 8799
362 6635
4888 6129
28 1197
7352 9789
75 9928
2204 9318
5311 9663
4552 9677
2083 4801
4318 5297
3312 6565
502 4545
5710 8663
1049 9139
1244 6476
2051 4594
5048 5703
4758 7623
1405 8950
2230 6086
5247 7154
662 1978
7212 8247
7469 8134
2895 8882
2892 4938
827 2860
2234 6251
2583 3401
3052 7693
3265 9199
1036 9192
4498 6404
3242 6061
6975 7655
885 5068
7499 7838
103 4200
3437 8335
6487 6673
6680 8169
5478 9695
599 4909
6275 9588
8021 9206
5948 6767
4184 7952
936 4002
7909 8293
2368 7480
5787 8253
6226 9062
1404 5330
4197 9252
5191 7032
2483 4754
65 5489
1439 8599
4436 8870
3910 7778
3810 7760
810 7796
2335 8158
4625 5591
1582 5730
4444 6168
1750 4000
4748 8848
4658 7563
2062 5032
1026 4036
5243 6697
4578 6527
637 6815
7743 7913
2297 7897
299 6802
600 6979
543 3095
2131 4681
1283 6139
5201 5995
1920 2240
7597 9241
6549 8161
6830 9736
3690 5399
2286 2837
518 1302
1566 8975
776 1311
2072 8295
1422 2377
1469 4398
818 2237
8448 9545
520 9098
2229 5600
516 5686
7867 8637
3399 4506
5148 6028
3383 5923
995 5205
3138 7606
1305 3301
1461 1701
9302 9357
9158 9967
4066 4409
452 4762
1743 4086
6665 6905
4557 8594
2146 9493
1553 9753
4093 6060
2295 7618
9330 9430
1734 7358
1365 8969
8936 9888
2710 8838
1113 1124
1919 3579
6886 8655
8763 9588
2296 6607
1251 8709
2890 8404
135 1094
3068 9392
1230 5022
770 3177
3585 5614
179 5156
5332 7466
3459 6698
2942 7315
5236 7599
552 6448
1793 9632
2128 5550
1996 6374
2768 8098
114 1720
5833 7608
2456 9335
5211 7795
6294 8432
2234 7335
8402 8459
7940 9123
5672 6262
163 9535
4649 5971
6821 7954
5621 6421
7659 9036
2329 4212
3789 7709
3267 6065
3008 7490
4549 8878
7043 8637
6608 9349
2196 8538
4282 9847
399 3654
2598 6837
5754 7112
447 2423
508 5213
4476 8130
4158 7584
2838 7974
5961 7304
3769 5664
330 518
5 7091
338 6506
6825 7672
1566 4234
7666 9377
3134 8817
668 5391
742 4412
1309 2279
1513 3052
8249 8584
7458 8704
2351 9414
3864 8753
176 450
423 3545
2649 4304
5725 7395
5528 7761
6833 7522
4908 5692
7331 7940
730 7827
2485 6491
4179 8616
1303 2392
3907 6559
3424 7760
4635 9859
1990 3676
3156 9984
3481 9285
4609 5013
1274 3893
941 7625
11 7005
5671 9589
798 8512
817 8800
6006 7549
49 5773
2767 6046
2378 4685
1709 3555
144 3271
1665 7530
7078 8513
1156 7002
2711 4290
1685 8896
2080 2645
3463 6089
8069 8694
1647 7351
2721 4359
4178 5001
2022 4234
426 8128
5373 9605
4310 8875
2865 8265
1379 8293
2056 9249
5551 8300
2116 8117
489 6698
6519 8168
8961 9908
4266 5808
5289 7325
5291 5389
3881 4186
3846 6515
4321 4716
1282 9387
245 3535
4740 7346
1636 6917
6911 8752
3113 9766
700 5614
5327 7140
8997 9816
4503 7088
4198 9545
235 8756
269 8753
1744 5791
1610 9391
3180 8581
571 1900
1126 9364
1132 6260
12 3718
6858 9746
1715 7067
4895 5284
3820 9063
3345 6396
3776 9135
1302 9882
1933 7811
2018 5604
1310 6435
5938 7170
2845 9690
5837 6441
6229 7878
3567 7805
4871 9559
6674 9309
4359 5246
5806 5930
4199 8941
3287 9696
296 4147
7227 9332
380 421
2377 7105
6132 7261
4731 6024
2653 7000
3903 8575
44 2384
1340 9583
3304 3552
3177 6142
175 8431
5650 6398
2106 8256
4888 5534
1571 4163
4166 9027
407 9827
1298 8648
820 6819
4998 6465
1791 2314
4931 5100
5532 7831
1533 5461
1571 1951
281 3172
1812 4649
1390 5906
681 3367
3750 4968
7169 9367
4405 5039
525 3523
2210 7835
296 3891
2056 9341
3376 8591
3319 4613
5638 7411
2793 6119
5698 8770
8169 8955
858 6311
2309 3194
344 2268
3649 8370
3887 5922
3738 9427
2708 6597
166 6690
1735 7783
7615 7721
5071 7179
5827 7743
452 8536
1594 5261
6625 8100
1981 9223
3536 7489
1091 2665
4273 5385
1171 3467
175 1085
5089 9826
1335 7183
280 506
3777 5252
2089 3386
3708 7844
4844 9370
5637 7099
6310 6480
2756 6119
2678 8277
2368 2587
2451 9908
218 9740
557 6880
1469 8555
5759 6775
1046 4050
5213 7950
5805 7427
4455 7024
3592 7287
5194 8840
5651 6621
2980 3296
2863 7037
3779 4269
957 4342
4232 8465
1733 4487
3868 5895
9121 9592
1105 5179
519 7433
876 9818
918 3742
3638 4469
4421 7858
5902 8313
3364 6418
4295 9660
6282 8455
250 3597
3050 8819
848 6267
4791 7422
6549 8950
8167 8940
1763 5552
8044 9701
1994 7773
2318 5536
292 6734
2256 6870
6511 9603
4154 9726
3424 5024
4369 7019
6104 9947
557 2914
2129 4786
9053 9657
2511 3481
1127 5391
3513 7531
343 7200
3034 3765
5817 8888
4038 8614
2650 6316
498 8321
189 6391
5885 6594
3970 6739
3028 9540
1749 2012
1665 8960
163 9014
8490 9856
4046 6042
3334 4707
2249 9613
5929 7047
32 7384
4016 4971
101 9089
3495 7177
6146 7846
226 4972
5637 8624
4937 6925
2819 6238
4768 6615
3230 6250
3268 7625
1386 9929
1234 5128
1157 9648
841 8443
5926 7541
4233 7905
3195 9102
1578 9141
1120 3073
3299 3322
4262 7804
5730 6439
6906 8711
1738 3114
1311 6567
5729 9541
9011 9072
371 7360
1478 4138
1985 2778
2824 4800
5050 5057
1428 5930
761 3210
5356 9756
3391 6754
3086 3600
220 2945
4891 5348
870 6693
989 2359
7027 7680
384 2269
5650 8640
2748 3113
4710 8737
429 7810
2195 3215
1265 7517
3628 7927
5771 9458
411 9328
906 4215
141 7687
5213 8537
4687 6045
477 7420
2640 6757
1830 1932
376 6717
1431 5800
6452 9996
3076 5654
5460 8708
2248 3241
3721 9261
3744 8748
1575 4457
2788 8345
6809 7562
3672 4821
1236 7909
2625 4350
931 5407
762 4208
1816 2716
3693 7195
114 6909
8545 9014
8494 8789
4731 4962
5924 8468
1390 7122
4262 7380
4208 9503
2537 7605
3713 9507
3859 5010
5650 8500
2461 7041
2202 6156
1944 7306
2742 7471
6554 6898
5562 9502
4402 5054
593 9137
6928 9919
5908 8920
1941 3390
5063 5773
7725 9132
1000 3924
7931 8900
5823 9949
4647 5265
8143 8466
3078 6969
4542 7852
3376 7263
2664 5287
295 8870
3935 9892
6526 7138
7628 9550
6229 8144
2579 6575
4274 9301
3549 5542
6771 6801
4700 5606
1118 1251
3296 8152
2529 6931
1706 9955
2345 3272
8187 8478
4169 9273
1685 4283
1223 4714
2332 2828
1961 9473
1425 1877
1509 7981
1388 3785
2167 6411
5899 7881
3689 4544
997 8162
3602 9690
5313 9097
8719 9155
3005 5631
612 9853
1143 3754
4298 4748
3853 4545
3945 4138
929 2531
5659 8908
3045 9094
1386 2655
715 4552
1905 2061
45 6993
8139 9528
2597 6146
6364 6535
5448 8188
6609 9281
1108 3777
726 7264
4839 7127
668 3698
3520 4338
1822 8644
53 9961
4882 7208
1430 2341
6640 8757
3560 7940
5241 9931
6349 6591
6079 7331
1351 6152
1659 7262
2255 2784
2184 7958
3321 7332
543 5086
435 8133
3788 6761
5504 6438
2075 4691
3594 4399
897 3335
5978 9448
3452 4826
428 6481
3037 8737
3191 8598
428 8252
4320 8948
6240 6654
7043 7504
741 1505
3011 5561
3738 9802
6639 8339
244 7070
7497 7966
7153 7618
1118 6612
3379 8664
1764 8046
2156 9141
5724 5878
4557 5143
6295 8585
1914 4672
4282 7345
1476 7868
1288 3051
3032 8915
4602 9826
392 1422
1334 9261
1287 6550
4688 6845
5024 5458
38 5503
3348 4305
1322 3616
996 1528
3207 7579
2520 6987
1711 5271
7779 9660
1803 5281
265 4883
6688 8453
5761 5948
575 7489
1278 2224
4638 9069
8964 8980
5166 9443
3877 7859
1720 5366
1764 3770
1756 5063
9468 9982
2735 8014
6330 6348
21 5527
3071 5683
463 3497
4283 5873
4269 7394
1843 2249
1848 7572
2909 4245
4096 7982
5664 9097
6025 7433
1062 7229
5966 7995
2518 3167
5701 7970
4838 8563
408 665
3289 5275
2170 9657
4065 9318
5048 7314
7051 8350
5054 6438
2992 9931
2485 6770
2327 9518
9405 9827
1495 8606
8719 9851
1317 8966
2751 9490
1793 2378
7624 8474
3391 3898
2695 7871
6197 7304
7893 8252
815 2243
1541 8881
6445 6708
1193 5366
2697 4894
2562 6330
8094 9660
2873 5571
8962 9915
435 2689
2429 8920
4410 4964
950 1454
4760 8191
3151 6136
7750 9651
4425 6862
2006 3637
6935 9734
2867 4227
7016 7610
2181 3138
442 8701
1893 9908
7075 7136
1618 6521
4291 7111
939 3892
1604 8565
5815 6775
778 3462
4784 6737
429 6348
3398 3434
2088 2230
1983 4094
430 5570
282 8091
3879 4574
7711 8247
1037 2554
1229 8990
4888 5532
8040 9656
627 7218
7846 9932
879 6119
3074 9646
852 2907
5338 5415
7837 8055
1425 8774
210 8967
5589 6060
1070 6655
686 5076
1340 5544
731 4734
7995 9822
3553 4498
3425 6636
6094 9134
1411 4412
1061 2043
1477 8044
1117 3612
5634 7372
1682 1951
6112 9201
1069 8351
4700 5051
3758 9375
2539 9046
3216 9027
8168 8902
7657 8234
7490 7519
9196 9769
7605 8738
2760 6554
6847 7898
3194 6238
3433 4782
3271 4577
3955 9327
3315 9868
3837 7735
3671 3787
856 6417
2580 9207
7174 8478
1480 5269
7524 8264
2170 2901
5496 6902
2659 7568
1576 4554
5922 9446
1219 1867
3596 6417
3843 8466
6412 9657
695 9475
4746 9941
1735 4374
3000 6125
4439 6297
8212 8408
823 8167
4457 6066
5373 6259
931 3344
416 6700
4628 8148
2233 5842
2795 6109
4960 5629
610 3412
734 1846
4083 7241
704 7701
1461 8050
2787 5495
1595 8485
4846 8661
5261 8704
2848 2985
2239 2984
2510 5406
5696 9900
9202 9926
6703 9897
303 8421
4151 7973
2430 6346
1038 1388
2200 8850
4037 4886
6476 8840
6839 8617
3458 5550
5414 8010
1311 3672
736 1014
1031 6015
42 8496
713 2685
2010 5753
4072 9496
495 8832
1475 4259
4382 6466
609 5554
5431 6826
2287 9297
8294 9582
2947 5470
817 1529
1479 9569
177 8293
2881 5984
3260 5024
5883 9873
3120 7435
4695 5550
566 7884
5625 9863
449 7372
5820 7419
2780 6243
2288 4157
3164 9238
4013 6078
3331 7674
737 8163
4287 7488
1929 3653
5874 7040
4027 7672
1575 2241
5054 5761
4556 7720
1257 5371
303 7883
1956 6072
4293 5497
4451 6471
8795 9741
3180 5993
2878 3578
1835 6153
838 3095
259 8343
963 6964
2954 5258
3919 4494
2707 9108
2788 9103
1918 7602
409 5959
7492 9825
2743 5657
1463 1491
113 7700
1206 6059
2408 8890
2265 4534
7306 9890
6426 9054
8796 9393
9571 9783
1814 2954
1673 1689
439 1324
1031 1042
7658 8164
1015 8895
2240 8895
2723 4313
5270 5466
1533 4135
889 8986
2372 8200
979 2889
7123 7841
2152 7998
1711 7524
1770 7454
1525 2917
3499 9017
5035 8578
623 4397
7348 9884
570 7171
6184 8417
1163 1526
5488 9985
4449 8216
800 9516
3015 7277
3119 9898
2482 3755
2875 6671
5221 9123
3080 7085
6213 8268
3337 6123
615 3240
7695 9634
3257 3981
3600 8822
3929 9531
4800 6067
4538 9590
661 7482
4370 7749
6254 7059
5216 9995
2435 7540
1824 5312
832 2329
925 9090
1295 2386
4011 8886
753 5214
6800 8409
4541 6561
3871 8892
4859 7458
3155 8633
2561 6785
763 4250
2704 7870
1634 9338
526 7424
3664 7284
7322 7576
3277 7182
8737 9640
9383 9894
5010 9585
2706 8934
2297 8644
373 5045
9515 9561
336 2994
2556 6425
7424 7670
3392 6197
5450 8875
475 9771
4742 5840
142 9658
7609 8481
8504 9897
38 9568
967 4601
63 1706
2788 5055
8092 8650
2234 9478
3311 3387
3459 4358
503 8011
2446 7989
5459 8395
3358 4313
3941 4792
3942 7561
2205 6144
3703 5282
3376 4931
1259 9319
6478 7133
2911 7193
2819 8435
4063 7876
7408 8507
1894 9034
2639 4145
7611 9046
3373 5845
4057 6199
8873 9547
2535 6384
6790 8282
4379 9105
6765 8974
551 6249
6835 9239
2271 7080
2544 7599
737 1890
7016 9978
344 6034
3041 6902
311 912
5490 8577
5709 9026
9455 9751
8907 9721
1382 2096
1809 7693
4198 8967
2611 6300
1263 8653
1231 4601
1282 8943
2227 7724
2375 5435
209 1156
7469 9817
5106 9656
3241 6551
6002 8323
2655 4005
4922 6370
4396 9260
3465 9623
358 9392
1448 9810
3873 6069
4899 7254
6054 6441
5091 9055
6481 8735
2007 4921
6196 7236
2017 3639
2563 7803
2910 7821
1106 8317
1696 6553
1053 5232
7405 9651
6554 7490
1435 4782
3723 7964
4404 6920
6724 8372
2575 8384
127 7255
6502 9636
8184 8397
915 1618
6962 9516
5100 8107
3019 5999
3733 9497
4490 8759
3897 5286
969 5475
7763 9234
5556 6284
6217 8803
2725 4144
505 8860
3192 9346
7373 7392
2262 6831
6578 7646
3804 4116
3263 6203
4067 8006
303 5583
2168 7135
2967 3211
2125 6241
7350 9614
1710 6668
5301 7833
29 3852
3886 4252
150 6742
2530 5000
915 8245
4663 8868
3289 9038
219 5377
7785 9459
688 8055
3450 3905
4464 7180
6190 9812
187 9686
1679 8135
6774 8252
2732 5288
4567 4790
5126 7621
2080 8526
4226 7335
2591 2902
819 3531
3436 8034
1997 5404
1819 4908
3844 9502
4600 6709
1444 4993
6398 7866
6457 8986
195 6607
8301 9055
5918 6001
2272 6649
7253 8775
6564 8030
1073 9447
4087 9346
7192 8869
3559 4636
299 1105
3803 9535
2051 2168
5596 7055
2993 4235
2409 3996
866 4123
1628 9372
2084 5004
560 668
4660 9184
434 8692
1580 6964
3477 7836
2687 5236
4981 8367
325 5942
738 4392
3505 5668
503 8113
114 2357
2422 3682
594 2411
1547 6332
433 4758
1684 1984
2481 4009
6483 8152
5067 5948
2716 6979
929 1765
473 1524
6171 8655
4461 8305
1072 5645
4945 6308
3486 7778
423 9507
2305 8388
6122 7134
1218 7359
1318 2674
1947 8658
1577 2114
4353 5862
107 2683
6660 8729
6959 8245
4365 8950
1816 1914
4029 7930
148 6083
6325 7594
5486 8669
389 6786
2218 5349
6822 8932
846 2920
892 4702
7595 8242
8799 9282
2314 2476
661 6680
988 1698
5680 9135
467 6681
6411 9056
1197 1681
8022 9821
300 4543
4889 8333
2371 3714
3716 5347
4582 6685
5888 6367
2055 7442
1511 7531
850 8266
633 4485
5131 5856
174 4260
279 9211
345 3075
2005 4013
4562 8771
958 4762
3999 6528
7832 9451
5253 6323
2210 7276
115 6343
5643 6299
4939 9164
5149 7739
2481 9075
3634 7634
1634 7519
1370 4277
2034 3456
3874 7317
162 5925
808 9005
2595 4940
5793 6084
48 2262
72 4649
2218 3954
6291 8885
6848 9790
135 9327
2691 4531
6821 7870
2718 5497
1215 5762
4199 9175
601 5136
1345 4784
5441 7994
192 7570
4497 6415
8653 9985
2767 4762
1696 6108
7079 10000
1600 2026
2413 8405
1962 6106
5783 8424
3464 5260
5700 8250
3753 5270
1419 7634
347 3849
1056 5718
4854 9235
3652 4563
1027 7700
1906 3879
8181 9328
6750 9934
4324 8378
6841 6947
7704 8381
2977 3182
122 379
4192 7609
5638 8214
5578 5903
5236 9087
4828 7674
2302 6720
2711 4428
2836 4402
810 6966
1069 8765
1119 4694
295 3058
7798 8616
4108 4226
1090 3134
4030 8875
9469 9921
1832 5919
3987 9373
5166 9219
3352 5599
6786 9900
6532 9847
2404 6973
364 4322
1648 3689
6046 7865
6788 7501
46 7937
2808 8170
1315 6623
2826 8066
67 8367
7414 9442
3057 8605
1375 7412
1869 6161
1205 7956
1423 2573
42 4229
3739 9622
202 9052
3585 4935
490 1555
5631 9050
1202 6128
7282 7651
1141 5160
4819 6595
8561 9557
5710 9979
2755 7628
6993 9550
4714 9980
6343 8029
1447 7924
2505 3610
5523 9791
726 9302
749 1603
4327 5973
2739 8750
2921 7982
770 2293
2156 9121
585 4736
150 934
768 4828
3986 7935
4096 7789
5616 8393
8747 9055
2157 6235
3208 5690
2262 3462
7236 8766
3207 5899
2757 4972
22 2156
5614 9932
6333 6509
733 6977
979 3870
3907 8401
7998 9142
7028 7049
1312 5029
5646 8275
2279 8704
7120 7595
2 7707
5895 7497
533 2484
4215 5086
8296 8314
2419 6322
4093 9688
1610 6948
271 5128
4779 9450
3122 8159
4260 8005
5449 5619
5459 9896
1133 8022
3513 6876
140 3653
3272 4832
5603 8776
1393 3081
5596 9873
7528 9324
2471 6467
3197 9701
1174 1848
9428 9801
553 1662
3993 8933
3897 7816
2420 7799
1573 6918
5496 9183
3202 5229
3182 9629
7215 7294
6787 7853
2788 5798
4223 6381
5804 5866
2805 7285
4015 8786
2102 6348
2915 9300
5005 9882
3025 9243
1593 6734
137 6030
5801 9545
5368 8493
1661 7441
206 444
4049 7803
6257 8638
281 3387
1609 2762
1664 2629
3162 7649
3704 8194
3233 6153
1423 9332
4026 5600
6037 9091
8042 9317
2999 3927
2917 3876
6094 7433
721 3553
1840 1964
4020 9781
5976 9992
742 4166
3515 5932
6981 8718
279 3816
8756 9160
1948 3473
5711 6677
2053 6909
2928 4743
2303 6913
2574 9450
6068 8992
4578 9725
1877 9500
815 3504
4699 5499
6543 9720
5442 8659
498 2845
4661 7557
1567 3592
4184 7604
3469 6651
689 2867
216 5821
1285 1401
3309 9349
5100 8938
3668 7906
5990 8555
2233 4023
7380 9152
3786 3962
8183 9650
7495 8369
4973 6860
1422 2883
314 1925
4684 9835
4084 9824
7500 7813
1375 5225
4631 8202
6093 9776
6441 6847
2469 6471
213 2291
4183 6013
2064 4987
362 9759
3984 9423
1490 9060
2002 2052
217 8980
721 8625
2273 7475
4813 6496
5840 9285
6239 7549
3723 5256
4292 5969
1192 5715
1386 8322
1317 2175
5971 8144
881 6284
1737 7767
8638 9506
4434 5978
2721 5194
8006 9261
1483 8443
898 8156
4923 5703
6143 6820
1113 2178
2886 9377
2583 8065
458 511
362 6104
2882 7286
7128 8549
2237 8905
1836 3534
1236 6155
3369 6108
360 3673
5196 6079
2698 4269
1730 4707
1875 9206
4128 6670
83 375
307 2694
3399 6735
2102 5751
831 9918
3075 7956
2516 5241
2761 6440
4837 5011
4178 8180
1689 3423
7683 9584
4478 5307
121 5576
7144 9726
5791 6909
3170 5302
1265 1591
2733 8959
2731 9445
33 4791
6565 7157
4487 8637
1939 4965
1731 5994
3842 7320
5116 5129
252 3345
2245 7786
323 4127
4298 6356
5030 9460
3636 4268
3372 7198
1984 8230
3687 5099
7637 8723
1464 9307
1153 6515
5818 7060
3196 6250
4437 5041
1979 2245
5809 9123
2642 3010
3165 4809
6179 8758
1764 3236
975 8904
2476 5741
1051 1547
926 8393
82 1081
455 9410
591 1275
2614 8620
3683 7354
1978 4572
7187 8211
1552 9166
5600 9167
1871 7970
187 890
1166 4084
3600 5490
678 3260
276 4427
4918 5577
8199 9259
6516 7066
4 3056
1033 8205
1713 5906
255 3271
2774 7300
2397 3975
3692 6418
539 4426
2394 8438
6091 7336
392 7594
4662 7974
7102 8908
1646 6485
2485 8931
4892 8180
3245 4660
4752 8515
4753 9825
4909 6777
6068 9174
187 7526
1880 3503
1324 4878
7527 8616
643 8386
6828 7689
1156 8884
6860 8187
9408 9490
2493 8302
1707 3958
1692 7529
3647 8799
1534 7499
3675 4096
5973 7900
4130 6583
6908 7937
1000 1128
4843 5839
2187 5724
5458 8931
4023 5274
6935 8077
2135 3195
3272 4237
3937 6859
5359 8080
2090 3692
4833 8575
1079 9967
5168 9059
2455 8281
4196 9699
3779 5719
3405 4363
3484 8632
5495 6220
984 7380
4335 9610
2419 9927
862 9524
1509 9433
1398 6229
232 9104
2535 7192
4625 5062
4387 6240
2252 8527
206 585
3253 4021
4029 7187
7521 8186
1616 3785
637 5617
3033 6640
978 8752
2904 7674
2314 4066
4095 9006
192 1665
617 5744
3516 9877
1225 7617
3293 3305
420 6167
3723 7631
6146 8811
554 5534
5246 7414
1566 2318
2755 7600
1107 1760
861 9059
1464 1779
6332 6485
1048 6962
3034 8024
1484 5905
4196 8479
8074 8383
6648 7462
2302 5813
3957 6156
4873 6694
564 2425
7713 9165
8191 8760
472 6149
3450 5343
1246 4282
1028 3174
4484 8947
1929 5476
4255 7054
2658 3633
5143 9209
4988 6645
4750 6445
343 947
522 5198
7728 8057
783 5140
6187 9276
6469 9004
2095 8319
2217 4046
3154 4179
1830 7002
2371 4833
8107 9444
1743 4006
3924 6210
1019 8943
1174 7721
1040 4085
7214 8667
4005 4693
5495 7730
5194 9918
3379 4178
4182 4728
2666 9979
5132 5313
8631 9300
7690 9035
6365 7523
7448 9453
4914 7061
3917 5570
3143 3646
9526 9764
1681 8276
4647 9515
5103 8601
39 6090
1585 7371
5645 6747
2874 7070
4123 7225
5291 6231
8047 9848
7698 9395
5889 7793
4943 6035
41 7344
3979 7718
5053 7112
744 5985
1737 3334
345 7165
6607 8937
1824 4588
580 2605
5818 6453
2164 9681
2006 4474
5588 9911
3760 7666
4590 8023
1001 4594
1056 9568
5183 7672
2105 9781
5128 9560
698 3415
1829 5157
5014 6812
6792 9130
1575 8542
2365 6611
1221 4307
4807 4818
122 8479
556 9271
5144 8553
1273 4968
1973 9700
3206 6348
5473 9820
37 7607
5188 6413
5634 7122
3101 8419
1498 9565
3904 6906
3841 4052
8112 8966
4729 6920
3433 4943
603 1409
777 1327
1374 2126
758 1138
3651 7316
5254 8672
6999 8316
5998 6091
4251 8044
6944 8486
4163 7558
2413 6248
1695 2005
4041 4101
3767 6152
2361 7487
106 3964
5827 6365
3779 6087
170 2533
1989 8919
6114 7821
6578 9525
6130 7390
3385 7595
4461 9170
677 5898
2439 9016
79 2900
1804 4041
657 9102
5922 6042
1370 4269
689 1228
5218 5336
1869 3006
2179 4736
2618 7982
7352 9368
4905 9507
1369 4367
1278 5766
1992 6956
3139 7554
9286 9450
4548 6348
2208 5932
7230 9660
735 7648
2815 7157
6568 9510
1999 9598
35 7793
7037 7570
7888 9846
1791 2518
5787 8804
1673 3593
4873 5221
1972 4504
5718 9963
2205 9171
4161 8974
5908 9134
4450 8904
2143 5779
1141 9768
1266 6830
5721 8713
2420 8052
4978 7112
4557 4677
4873 7052
3717 4721
2895 7490
338 8506
623 5292
2727 8901
2803 6270
5868 9180
120 2736
4549 6307
5259 8608
4226 7694
8883 9199
5522 5664
66 6901
2143 6080
2394 2863
4360 8539
2510 6088
2022 2927
3579 8869
4504 7433
4288 7012
2492 4449
3171 7236
7115 9265
1030 5888
81 5768
1682 9741
11 3137
3487 8874
171 8767
690 6031
3107 6906
927 2449
2115 6158
1314 7893
2418 2742
2361 7996
8877 9648
1150 3410
1212 7964
2328 6832
7833 9808
5247 7219
4153 4666
551 7573
652 1518
4403 5471
4786 6196
1992 9031
2357 9626
4384 6643
118 1371
928 1183
653 2552
388 818
244 1229
6443 6926
3483 7166
1929 9487
745 7405
4943 7051
7344 8996
2869 4409
1272 9354
1218 4472
4040 9424
1046 7976
816 4829
1297 5640
4347 5159
5411 9262
2774 4849
378 7021
155 4558
5382 9665
2400 3604
1061 4103
4931 7493
1610 4876
4282 6164
8299 9248
2770 7652
1499 3873
683 1568
5361 8274
1925 8958
926 9571
2961 7980
248 1391
3192 5588
3012 3216
2251 7112
5937 7795
1114 8005
1925 4310
4783 8434
4432 5974
4832 8184
3485 9303
5704 6821
3006 9823
4552 9798
891 3779
4904 9691
3397 6574
2466 3864
5335 8368
983 5088
408 8614
827 7694
1337 4661
7130 8397
347 963
1315 2032
406 4935
844 6052
7581 9284
2115 7061
3390 7565
185 8915
7583 8070
327 3208
295 2651
2191 8649
3467 4558
697 1505
957 6447
6007 6675
2739 3436
6103 9440
8757 9305
3447 8634
2664 4409
1838 4335
4836 5797
1241 1308
6689 9007
4085 9706
4183 4521
53 9518
7422 8715
1403 7044
4198 6435
2044 2109
4058 4400
355 3354
3606 8477
1087 5731
7714 8424
7202 7241
2847 5433
9393 9977
152 4855
5146 9147
7473 8638
5505 7701
2912 8949
2026 8966
732 5621
2349 3911
1468 5077
1008 7807
3567 6077
65 3754
6873 8921
61 8535
2179 6650
7091 7769
1115 7652
1036 8146
4237 7388
1916 6365
5649 5692
1590 2976
905 7328
6172 7549
2045 2376
172 2043
4354 7486
2652 7904
5099 8186
1052 7301
5943 9081
7880 9654
7371 7739
1560 8461
6031 8669
7841 7979
2067 5241
6460 8312
7209 7700
6154 6707
2860 7295
5555 8427
5209 6459
2129 9149
2966 9873
2618 8868
1295 2648
3401 3435
3260 3714
2664 4750
3204 7567
780 4873
7958 8353
6662 7341
5908 6043
2958 4904
2678 7946
8695 8958
1659 6571
729 7003
1115 6774
2856 4092
6414 8810
265 7629
66 9824
22 3264
2767 6108
546 6881
136 7810
775 3300
7901 9608
2168 9425
5446 8524
1131 9048
1902 7113
5277 9892
3878 9677
372 7293
622 1990
8496 9246
3323 5597
2195 9541
5085 7636
8091 8333
537 9628
4894 5280
3171 3790
2803 2833
1333 3794
3450 3656
4090 4324
1092 1418
5291 8321
5342 7040
871 984
4139 5720
4291 5132
2484 5022
3200 4612
8114 9598
3852 6250
147 1866
9352 9666
875 2350
6928 9626
2439 5033
5221 5595
1554 9961
3199 8622
3125 8911
6856 9011
3686 5497
1082 6309
1406 3194
588 6883
5595 6655
3914 8217
598 3031
4521 8005
6675 7587
7559 8818
1776 4613
7929 8384
2785 2907
7122 8678
647 1054
5803 6004
5968 7141
8655 9242
5577 7605
8985 9432
1284 6075
677 8946
982 7898
4437 7400
5796 7748
2795 5252
2885 7525
851 1540
909 4951
270 5756
6594 8759
2786 6918
2299 8232
2024 4505
411 7149
433 9179
3435 4178
2159 9775
9730 9820
5143 9016
1847 4829
5692 6693
7187 9989
2765 4204
5595 8584
1714 8993
1976 4795
4052 8315
1525 8623
2223 3047
1794 5596
1262 9151
2639 3982
4017 7320
2410 3252
6903 7002
6888 9346
4313 4578
4785 9253
6036 6995
7957 9746
2724 6493
2319 3433
5118 9893
6711 9243
2396 3776
5368 9730
4597 6764
4748 5679
7756 9068
7324 9418
1138 1848
7622 9715
3930 8494
7415 8142
725 2577
2802 3270
6921 7501
1605 9225
8693 8726
4745 9179
6349 7480
8623 8841
8673 9980
6919 7664
62 82
954 5981
5263 9146
346 9887
287 683
4808 6636
1411 5164
1701 7270
4460 6162
2295 4385
2769 9199
984 6720
3988 4883
3330 4852
1194 2047
483 4175
6228 7057
2273 6363
1415 8184
3225 4301
4883 5621
1335 4039
4410 5834
6827 7255
2954 5014
5142 7541
1698 2671
5321 7206
3609 8882
5473 6405
4347 7993
2093 5713
5579 9580
4258 7447
377 6258
5062 8876
2728 9625
456 1996
6983 9869
2888 3255
5748 9258
1294 6485
1560 2923
29 3545
218 6057
1453 5147
7678 7988
5580 7511
2006 4434
5080 7295
770 7397
5771 7085
6015 7283
4271 8144
405 8053
914 5938
477 2816
5392 9650
3860 6606
1898 4944
1541 9868
4259 8991
740 5870
4341 7957
841 1470
3727 4047
4330 4634
3907 6524
1083 6632
87 504
31 6643
2857 9705
5623 7754
253 6839
3138 6334
8584 9484
4602 6506
4146 7088
5476 9966
5632 9385
5795 5811
6634 8931
2520 2782
5423 8926
1558 6309
1223 4515
1421 4027
692 6634
5966 6813
1744 5403
1506 7196
1023 7772
3801 4287
5253 5632
2563 3670
3621 5727
7101 9169
7450 8736
2889 3831
2855 6379
4076 9669
1191 3502
505 9245
1997 9256
1972 6025
3482 9523
1281 4842
2931 9326
5188 9042
5946 9285
6574 7255
1025 3666
2505 6654
815 1997
820 3826
151 3945
462 9270
63 7136
3356 5927
4425 6835
7862 8378
1582 2363
1932 4040
1463 5380
1681 7864
780 6083
832 4002
638 2115
4061 4174
3318 5678
8647 9772
3072 4415
3158 7553
453 2078
8513 9704
1765 6439
2073 8373
80 4381
2808 9013
6711 8028
6372 7478
1881 3235
4226 9261
893 9421
1670 7746
6837 8547
6346 6742
1786 2679
2249 9353
8802 8880
3354 3729
2974 6091
1540 3458
6853 9255
5436 9364
4042 5433
3463 5495
2371 8781
2416 7693
3503 5082
3542 3621
4468 8668
471 5180
2257 7468
4894 5658
6109 8318
8542 8654
3097 5927
5181 5567
1133 4399
8716 9351
457 8445
2618 9120
1678 2067
5160 9493
1411 7985
1008 1278
1824 2558
178 6657
2188 3789
3685 9240
7001 7316
2811 5478
1382 8672
5860 7752
8641 8826
3796 4670
3199 6062
4739 5051
3662 9886
1916 7160
2328 7664
3902 3968
6756 7577
923 9580
7184 9448
6363 8443
3729 9298
7027 7669
208 8361
698 2195
439 7774
5334 9446
2014 3103
2845 4656
1258 7743
6180 9292
5470 9759
2435 2950
5239 5254
1431 2601
3539 8932
130 6835
1480 4800
6741 8412
552 3387
8558 9294
816 3551
2260 7714
2560 7508
7063 8730
175 513
537 9664
6528 9678
4397 4733
705 6659
3296 3833
1210 6804
4770 5369
5521 9873
2693 7149
828 4983
2077 8392
4110 6936
5576 9832
7810 9824
167 4478
1087 5453
920 9508
39 6869
2219 4483
449 7905
3197 6880
1444 1518
6599 8896
2260 9313
4304 9500
1809 5089
6106 6384
5266 8646
1152 7761
5016 5555
4897 8953
6564 6621
164 6833
8920 9243
171 1283
213 6536
971 2140
21 1723
6190 8303
1387 1657
3772 8886
2044 5979
594 3165
2589 2752
5991 9410
265 6266
1452 4603
4974 9399
2286 3533
2843 4749
468 8425
3923 5925
3395 3548
1000 7776
8685 9873
6944 9963
4271 7989
4148 7084
1047 3271
3731 7651
7470 8933
6683 8226
5379 7905
2663 7309
4159 7864
3764 5322
2450 5579
7419 9680
2119 8483
277 5189
470 5577
2661 5313
5405 8337
4596 5977
334 1954
1843 4447
6191 8287
8254 9883
2909 5665
3069 5184
1151 9955
7142 7149
1191 4720
3230 5128
1102 9452
2288 7026
2641 9594
5516 5627
4311 9169
1068 2325
2142 2932
1663 7720
304 9304
6569 9360
421 3550
3032 9936
6814 8745
1137 4942
1083 5904
4932 8526
5593 6977
1930 5261
835 9761
3355 8327
3986 6527
1722 3205
4745 8055
3001 7619
4254 9374
2367 2993
842 7814
1005 4039
4801 8702
6406 9098
3010 7849
1262 3311
3356 3563
2079 2313
316 5558
2044 8794
1075 7719
2712 6714
6018 7985
3615 3856
5119 6345
1321 5557
1291 2539
938 3087
4908 6314
5059 6938
6618 8534
5165 6590
5403 6875
5665 7463
36 75
461 4129
6390 8755
7865 9145
1273 1702
5551 7517
951 2027
809 4151
4616 7180
4893 5187
3721 4596
126 9186
2579 7767
1239 8589
3816 4274
3235 8618
2380 6164
850 852
7924 9670
1478 6226
1374 4513
533 8570
5698 6077
4094 9299
1113 9851
3779 8755
7187 9663
1190 2207
9113 9235
5261 6412
8005 9059
2417 3508
1110 5152
1283 5351
3985 8021
925 2456
6483 9371
1107 6464
1591 1833
7399 9860
2010 7201
2316 2442
5477 8990
2910 6880
2403 4961
6696 8737
746 3111
5838 7191
625 950
2487 6793
6965 7389
6605 9663
3658 7342
1950 8257
2515 6383
4788 7434
3565 5972
2195 9618
3287 8649
1057 6916
1384 9042
1924 2292
564 840
3649 4031
1165 1321
5014 8048
3328 8102
2736 9001
2354 9610
260 5574
1814 3148
725 5093
521 5352
1028 2529
2039 3861
4832 7214
1359 4714
1930 3693
7065 8724
6561 7860
2105 8271
954 9752
2919 7746
448 9950
1810 6767
358 6532
2683 7002
1442 3928
5309 9230
128 7617
2375 4511
1879 3242
1441 1827
6144 9371
3838 4549
7987 9516
2387 3104
7093 9321
2431 8848
1564 5332
3637 7608
1588 7644
5901 9801
575 8523
4759 8994
1814 6495
2287 7812
681 9444
374 2197
1521 2009
3999 4824
2183 4662
1434 5315
8314 8731
7072 8841
4597 6865
1123 9709
1486 6267
5888 8679
5935 9134
8132 9759
3238 7581
673 8132
3829 6579
4606 6532
4069 5042
9133 9548
1846 2370
1190 8354
2778 9994
1802 8769
6119 7375
1300 9797
959 1112
3546 8107
355 7734
4727 6620
2803 2874
1467 7618
4934 6461
2298 2822
5478 7728
600 6186
2028 4763
5504 9899
3144 4374
4873 7494
3149 5389
4149 4316
3356 3632
5315 7137
6528 9757
2875 8104
4666 6529
4724 6563
3621 9673
4549 9949
6525 6759
789 2632
2877 8838
6626 8269
6555 8150
1696 5441
3353 8491
369 8337
65 2326
400 2883
521 1766
3187 7985
1840 3391
1754 4757
3267 5550
556 3642
4778 5966
2610 3325
2149 4978
124 8453
26 2616
4348 6057
4371 5361
2030 3085
3456 8457
978 2355
3536 5041
3675 4447
7158 8317
4498 8555
2463 8818
3493 3839
7542 8064
3270 6136
2737 8184
343 2752
5932 9418
708 8389
9532 9882
5938 7142
6382 9665
747 7215
993 2008
509 4018
7168 7282
6570 9943
394 1150
636 9894
1476 2678
563 3003
4632 6523
1019 2146
6408 7933
199 2845
4177 5686
1486 6143
275 1085
2459 5670
1133 8843
3073 4385
60 8034
249 5275
1970 2010
532 9847
1149 6613
2397 3939
3551 8343
1253 4671
2037 3654
103 4106
351 8187
7862 9075
5078 9406
2464 6252
3977 6783
7988 8857
3592 5799
322 2162
7739 8045
388 4609
891 1051
4936 6800
1580 7908
4082 8810
2315 4503
6452 6730
8232 8331
3923 8275
7544 9610
2506 7321
5721 5965
5725 6150
6801 9997
1444 9090
6392 9205
7138 8449
5936 9957
1128 2837
1254 4230
1308 2480
2089 9961
1665 7530
2668 3357
1376 5039
7650 9944
6815 7928
1786 9823
2970 5133
369 1933
6079 8897
5780 9376
5913 7061
2421 2576
2384 9043
419 9549
7013 7220
3586 8614
9055 9697
1591 3595
3829 7547
6548 9607
4565 8418
8698 9249
7871 9760
5921 6293
5699 8266
1636 2616
2053 9566
2460 5972
1883 5985
2630 7203
1030 4422
7968 9220
2024 7147
5164 9041
6648 7496
4375 6883
955 7064
2571 8934
589 8464
6016 7100
6379 9639
384 5061
5422 6609
8316 8865
1692 1795
6217 8273
1326 5312
1966 6336
4402 9019
4324 6012
3637 8333
6853 8630
1833 8819
1675 9416
65 5072
390 7098
3247 5046
6116 7378
466 8971
1483 3752
4272 7747
4236 8402
8561 9456
1292 9048
7181 9877
7888 8791
5343 5431
2757 4761
245 1109
5583 6489
3799 5264
104 8576
4292 6152
3587 7571
1300 6747
700 4389
1968 3132
3143 5720
825 4432
5521 6116
104 2872
4978 7364
2558 3946
4568 8556
2167 4393
2848 7326
3520 4286
4937 7060
419 3437
8253 9497
2219 8209
5373 7072
6324 8173
1712 4114
6497 9517
1410 5417
3215 6361
1165 5968
8789 8832
680 2870
6896 8035
2488 7705
3194 4801
5991 9103
4315 9322
2297 2919
4644 4726
2011 3067
991 9249
5128 9893
5864 7173
4295 5733
5526 9218
7249 7941
2574 3707
79 688
3142 4728
5023 8022
7991 8636
2245 7152
3284 4203
1754 7005
7899 9490
1692 8792
3510 6792
1999 5139
415 7934
1580 6811
4301 9424
1114 8225
2062 9826
1751 1789
2158 4192
5250 6249
3951 8341
3551 7119
813 6822
4820 8286
570 8571
422 2660
754 9744
1743 6045
646 1978
595 5927
9814 9891
4481 9550
2702 5113
1664 2232
2722 8277
5238 6039
1658 5570
6681 9229
4582 6408
2876 8822
3786 8100
7006 9625
2499 6659
969 1610
608 6674
5008 6100
4901 8696
6401 6416
4785 9408
3284 4856
1538 3988
1244 2061
2328 6489
3461 8897
648 4618
674 4116
9541 9714
2468 7304
2793 5093
3754 6071
2764 4645
6016 8686
3706 4358
5442 9780
254 1109
3455 4375
804 1692
130 6673
7370 8737
758 5670
3064 8339
4759 6320
4398 7027
3037 7980
1450 8227
657 7784
1193 6122
2370 5405
1810 2371
4531 7420
7414 9851
5620 9362
1326 7182
474 8478
3283 5997
3351 4761
304 814
2771 3445
4395 7550
4332 7543
3687 9635
2765 9784
6680 8191
2614 8970
81 5081
507 8572
246 2163
2763 4280
1668 1857
931 7285
3559 6550
6843 8822
3944 8720
7416 8521
111 4953
3426 5482
1208 8007
1967 2072
3422 4605
2159 9233
5906 7923
2964 7881
3639 6505
2395 6520
2332 6224
2529 9053
1962 5720
1892 9032
145 1500
6885 7158
3799 7638
2704 5019
724 8478
7482 9718
3036 9784
3347 5852
3033 3303
2221 6293
2092 7402
5044 8804
4084 8353
658 7297
1202 5294
3706 5895
6262 9464
6756 8007
1138 7162
4144 7824
983 2107
8007 8067
2346 2435
206 1164
5907 9886
576 6973
7224 9051
690 6550
3689 6850
3556 3901
8123 9380
5659 9318
3811 4155
1980 3952
6473 8871
4340 6055
1965 2766
1010 1740
4194 8117
3331 8928
1840 3491
2966 5100
2356 8354
1529 8707
1265 5943
3608 8538
3530 5078
2613 3860
2523 6274
4440 8800
1768 3194
751 6588
4165 8204
670 3234
3119 6816
914 8240
620 650
6678 9952
1176 2392
6095 8465
5267 8188
1080 5314
2830 4476
2100 9244
7380 7414
4811 6395
4363 8894
4349 8637
1843 9128
3200 7368
961 2284
2034 9680
2261 9951
3571 5890
1376 1468
809 7359
4894 7748
1834 9711
339 4282
3123 8435
4112 9061
4755 8387
1974 2336
5728 5790
1113 9481
1034 5506
1167 8584
8254 9817
6489 8839
3213 6921
9142 9540
4156 7446
3035 9228
166 7058
2695 6281
4152 7675
4153 7002
6795 6846
4806 7322
2236 9111
665 4161
288 9103
3441 9181
3976 7658
60 3849
1563 6748
221 9726
3034 7681
481 8022
6269 8523
5320 7871
4851 7000
3822 5074
2125 3293
6754 7173
7704 8699
3086 3155
6346 8806
5581 7791
2024 5394
3491 4941
3867 8895
3490 4077
5667 9229
4024 6323
1224 7694
999 3382
3041 6431
2834 3413
6980 7311
6476 9071
3063 5376
4215 7464
1854 9288
3871 6634
4084 5330
1559 5404
1025 6521
4808 9708
93 2079
4321 9161
2796 9604
1972 4759
3156 3603
3738 6089
6282 9658
3071 9421
8084 9796
3147 9536
3235 9472
4490 7883
979 6617
3386 6376
819 9793
3167 5797
984 1484
2021 3035
89 4016
4046 4914
8546 8784
8332 9528
1187 5932
4155 7710
3814 6592
2680 7459
355 4069
819 6512
7274 7753
4198 7508
2641 4827
130 4470
5733 8495
1821 2503
195 348
9353 9764
1755 2060
1050 7230
3729 4583
2630 6797
6896 8158
8510 9445
7730 8732
580 7684
1581 7523
9007 9668
1184 9150
7766 9556
7882 9944
7393 9444
166 8444
3474 8651
1277 9315
834 2828
1762 7396
523 4311
3161 8778
241 305
7466 9666
2261 4344
187 8241
1540 8653
9146 9175
2127 8010
117 4788
4940 7196
7873 9925
4367 9170
822 9771
1894 5421
1760 5090
2561 9493
3620 6354
1394 9083
4617 7352
813 7216
4097 7481
6213 6428
1962 6913
5529 5985
564 8960
1627 8086
3842 9224
3732 6694
1477 2618
289 8841
3784 7935
2621 4412
1853 4562
7957 8622
5563 9814
655 2457
7781 9501
3487 9471
2443 5648
5157 9107
3146 3538
3760 9470
2149 6892
847 8337
4015 6704
2807 2895
4139 8093
6969 9335
3873 4865
6185 9774
5014 5975
6008 8666
2028 4953
1220 3303
246 9223
4627 9610
4454 5427
1740 3623
3339 7931
1849 4975
3328 8512
3618 5765
4681 9348
8588 9349
1297 5478
1865 5260
8187 8924
3062 8673
5904 7385
2484 7893
1147 2103
477 8185
2802 5436
6544 8959
884 1701
54 4261
1525 4250
1575 9918
358 7895
2556 7635
3266 4990
1725 9591
6313 8901
1934 4790
4052 4895
1883 3598
2170 8448
5127 7424
1499 5550
677 6403
843 8187
5707 9634
1537 9818
1704 8022
1406 3186
7598 8586
3847 5364
7603 8933
4 9241
181 3712
6488 6669
2779 8629
365 1072
6116 6568
1682 2381
7340 8987
128 3071
4637 6158
2220 7103
1020 3799
4275 7999
4546 5166
2920 4198
81 8253
4309 5944
484 6984
2991 9860
7511 8709
1009 4640
689 7285
1516 4347
4272 8628
7376 9483
2221 9623
9230 9749
819 3517
1318 9085
2159 3279
5181 9405
2087 6053
2762 8935
176 3713
2583 4213
58 1089
883 4686
3295 8089
9582 9876
378 3055
3789 7389
8358 9350
4075 5554
1574 6474
3116 3888
1784 6929
961 6615
607 2176
4856 8931
3641 4450
2006 2011
117 534
3555 3945
7956 8000
822 3487
786 1302
2627 2946
4697 7875
2944 6418
2503 3814
2931 5291
2157 2727
7285 9038
4034 5098
2803 5993
276 8113
3371 5093
3597 8885
6913 9378
8365 8728
7282 7972
4203 8706
12 34
3021 8278
257 4869
5068 5379
198 4820
1971 7220
2232 6596
2057 8698
719 2122
111 6310
7859 8884
5095 6355
1690 9083
207 1834
3595 5731
2202 4140
2514 5027
2740 8763
5505 9548
2451 8036
2434 5920
3779 4188
3302 7872
5360 7442
1314 5726
4696 7615
1839 4816
6134 6781
4096 9735
3345 6928
6795 9457
6704 8346
4704 9008
3632 4667
1267 8167
2893 3067
2355 6131
2430 6656
4607 8794
3519 3830
2331 9949
853 2936
4346 7424
4559 5909
2626 2707
4434 7246
5487 8741
6643 9720
3327 5856
833 4429
7605 9239
1035 3677
154 7105
7893 8900
4718 8672
2245 2702
3806 8292
5167 6003
1437 5653
3464 8343
7365 8381
3493 4564
1796 9787
5294 5773
186 8482
254 2890
4588 8986
4029 4991
5853 8805
2220 5026
403 8898
2066 4036
2548 6778
3935 7295
1867 9002
7025 8235
2180 8208
6021 6088
78 7420
8797 9878
4248 9704
2175 4552
2768 8651
5047 7091
6396 8314
2029 9418
5823 9574
649 6055
5943 6570
3555 3847
4977 7268
327 8533
5522 8010
4771 4830
5275 8043
1623 3914
6071 6552
8429 8933
5009 9787
3093 5178
2318 9426
3252 7217
4611 5895
9613 9660
2844 8617
264 8706
1302 2042
76 1070
1933 2573
2183 5438
4888 9129
1468 6632
5334 7836
9314 9876
7449 9450
8885 9875
4631 7511
3297 6878
2244 7365
4040 7964
1464 2402
1754 8962
6737 7293
3782 6510
4162 6047
2276 2724
583 8536
887 7468
38 6155
1807 5569
3250 6100
1241 8696
7116 9968
5894 8643
542 2007
3015 6241
403 5735
5370 7809
1901 9693
3813 5054
8362 8740
2154 8945
5798 8423
5724 9374
1348 8005
7979 8197
1504 7023
3850 8832
4872 6574
8757 9991
3026 4354
2558 3719
4530 6879
13 9543
5562 7748
2328 5867
6155 8823
623 1666
5691 6097
5141 5761
2796 9854
6444 6465
7102 9601
820 7739
754 7408
4266 6394
48 4733
3589 6751
1350 8647
3403 5833
2424 8823
2037 9031
4162 5576
1398 9087
6299 6920
1082 5966
1510 6127
361 1659
1484 7543
2290 9940
3344 4974
503 8832
1079 5732
3931 6325
3509 8227
2845 9673
1349 6803
564 6053
4020 7606
1177 7025
2700 2887
5103 8837
2207 5242
1126 3997
3994 5785
7851 9980
4855 9308
4144 4909
5219 6420
7496 8594
6065 6437
3764 6804
4981 5765
5631 7788
4050 8627
1968 5209
2233 3184
65 3711
4756 8810
2300 9999
3555 5312
732 9647
3971 8596
2407 4642
570 914
1783 6493
5160 5161
2469 6006
7597 7863
7784 9212
5782 9719
4333 4669
1686 5658
175 1984
394 3139
3150 4404
1470 5629
2248 4533
5667 8399
3076 4375
2645 9743
5231 7969
5247 9517
2222 8882
3984 4218
3062 3634
600 8979
2191 2771
1092 3647
7923 8049
222 6090
4872 7072
1934 8209
5378 9336
1759 7415
1338 1418
5214 6428
1997 7158
7459 8309
8586 9508
6975 9098
1522 7962
3662 5340
1061 1488
4300 9800
3160 4670
3760 4310
358 7044
16 8428
7845 9015
4898 6449
6005 8079
1635 2296
1117 2678
330 7452
3757 4217
2502 4238
4293 9582
2118 8463
7374 7507
6730 7440
4506 8085
2243 5860
5831 8643
5697 6640
1452 5045
925 8979
2629 4377
7765 8917
3877 7761
5484 9683
3455 9255
4891 8032
1966 3549
7134 9710
3409 9825
1471 2557
5217 7713
5988 8318
956 6406
3237 9418
788 3932
275 2782
3883 8063
4099 9797
4817 9416
5191 7332
4430 4774
2958 7197
8274 9135
2703 9480
426 3197
1075 4262
2602 3280
3116 9699
6190 7457
2549 8057
1554 4396
4616 6599
6059 6367
599 9332
1797 8484
3992 8424
8315 9445
1465 7782
777 5267
5342 7456
267 8699
4267 5461
7087 7522
1031 4170
1393 1859
5640 5682
2198 4105
1089 8911
1042 7074
4311 6989
5795 7804
8332 9210
402 5916
7353 8116
950 2361
3348 9758
2411 3719
4629 5614
5981 7881
4610 7086
3655 8709
4225 7312
2197 6656
626 815
3768 5337
1255 6000
1199 5481
799 6331
6385 9646
1442 2491
1125 4546
3531 3748
6003 7688
2786 5960
1492 6119
6350 7935
7585 7809
1592 4689
2411 4961
4443 9801
3037 5176
5261 7486
1539 9825
6019 9212
7682 8409
2155 6726
6044 8275
1250 6298
73 4445
7263 8533
3106 7891
1404 6739
455 7623
6145 7090
5132 9412
822 2429
7420 8157
2833 6670
3919 7728
1839 7136
4020 4500
1936 5380
6095 9388
2229 2632
3905 5867
798 1178
4622 8350
3446 4127
658 2621
8098 8616
211 6765
4478 5008
8219 8255
8004 8782
7821 9884
3649 5422
607 5472
4775 6677
1519 3281
2421 4700
7089 8222
3047 6903
5350 7452
7576 9710
340 8470
1834 6619
4598 9065
5211 7216
3252 5766
2856 9880
2908 6038
392 8262
1133 3753
2450 3205
3078 3325
3899 6322
3601 4100
2390 8754
2020 9970
5154 9589
403 7475
120 7487
5712 7065
1274 5573
3397 9647
1694 4503
1483 5949
2125 4133
8964 9043
1381 7322
4077 5056
2161 9300
7346 9765
7208 8178
1707 3075
4887 5584
4161 5911
5462 7901
3522 7481
1399 5644
4956 7985
17 3400
615 1293
2571 6734
7335 8248
1243 2539
3756 9843
777 3033
486 3839
7225 9968
854 9929
2747 3644
732 6253
2312 4523
2659 2885
3286 8054
81 3238
1788 5484
5668 7897
2980 6523
2119 8009
142 8870
1547 4588
1871 4814
1103 4749
3571 6153
642 8126
3462 5455
3751 8209
6078 9096
702 8040
3763 5415
5116 7668
1642 3734
3529 5274
3132 7073
463 6629
709 4234
6757 7041
8577 9410
3060 7743
5600 6365
425 3827
2383 5641
1331 4334
5261 8340
3464 8192
7634 8841
4967 8734
7306 7912
2184 4131
3226 6708
2722 9491
776 1619
1684 5394
1227 5583
2947 5134
1692 2733
3546 4341
1629 6509
5330 7471
5690 8559
4024 5010
925 7248
831 5036
5425 7639
2791 7131
2169 8899
6312 7164
1411 2516
51 8823
7696 8562
2228 8443
4343 6031
2777 9712
318 4292
1270 1770
6828 9872
1690 7778
5278 9815
1084 4345
1250 8530
1206 5249
377 8789
4909 6073
7024 9259
3623 4565
1044 5917
5682 8033
8174 8591
3340 5330
5076 5471
1703 5834
6242 8683
1011 7731
7035 9447
1911 1945
3366 4471
124 4543
817 5624
3255 8763
7474 9860
271 4683
1180 6127
2315 9879
3079 4799
6200 8617
685 1996
3286 5587
1466 9837
939 4627
6280 8517
8303 9118
390 2612
225 5955
1707 9115
3655 8867
6757 8985
764 6123
572 2381
1860 2129
4846 6344
2977 5331
1717 5523
3106 5772
6257 7418
2540 8738
3293 7421
4468 7533
753 903
4821 9953
4917 5721
846 8666
4125 7647
272 4270
3805 9052
3856 4926
3940 6081
970 6638
1132 4727
3844 7028
3515 6657
1399 8350
6563 7131
985 4957
3564 3758
1201 3675
418 7259
8496 9132
1384 9450
2733 8010
8289 8910
3753 4629
3920 4412
5401 5676
7572 9640
949 8019
1768 6828
2754 9800
3341 8612
7442 8234
6314 8891
396 1857
2743 5894
739 8136
4064 8585
7694 7876
6604 6775
5000 5909
2161 9354
1886 5553
3848 4311
5207 7723
358 5978
1188 9458
1897 9617
1744 2094
6610 8564
4631 7277
4441 7840
1250 1714
9232 9926
2134 7666
2647 6919
3741 6818
7870 9522
8901 9205
4889 7395
3956 7118
171 8834
7530 9905
5942 6739
4547 8135
5648 7049
5308 7277
892 4474
7670 8331
2259 5281
4780 6919
3484 5072
5824 8801
8280 9171
3863 5004
2227 6092
3717 6956
1039 7754
798 8509
5343 8964
8784 9905
1693 4078
6838 9897
5114 9524
2356 5096
460 8708
4448 6435
4990 6928
6252 9426
2655 4961
6298 8590
5603 7894
2377 2799
8265 9753
5572 8509
3062 5617
837 3945
3315 6956
6928 7830
3027 5209
1778 4944
2463 6686
6745 8695
4450 4677
4586 4822
1655 9242
3638 5139
3434 8699
5223 8067
4475 7836
2361 6520
701 2863
1002 7663
6631 7270
2714 3349
3324 4979
6317 7560
2901 3920
4946 7252
408 9782
1680 2789
2548 5527
2459 3692
1080 8497
2327 4697
914 8190
3595 8448
8209 9182
2058 3218
585 5402
1137 3524
2198 8844
3090 9615
2450 2758
852 8338
426 3294
2465 6355
156 596
1960 3654
7282 8415
4645 5326
7753 8743
6296 7747
2432 6546
2668 9028
5619 9660
2921 6881
9242 9766
3588 8201
4626 9109
737 837
4945 6955
479 8625
433 8311
9418 9827
2300 7952
3783 5868
9099 9284
1905 9176
2814 3268
6462 8700
4762 8256
406 7517
6908 9096
338 4264
7595 8279
5727 6568
1898 9026
7697 7768
820 6302
24 3334
3801 5087
3611 9340
4163 7805
1755 5204
5851 9219
55 6457
1295 8915
5231 9045
4464 9902
1643 1968
8038 8136
5740 8730
6009 8328
5961 8145
1105 4851
358 7308
4003 6448
3221 7052
4073 9292
2386 9585
4776 8395
23 1287
3886 6630
3503 8283
4011 9471
892 5219
1168 4831
1697 3486
1329 3592
2142 3220
8060 9107
4054 7766
4807 6511
727 3371
3727 4637
7953 8906
4022 8838
1954 8218
4172 4580
5420 7473
2636 5849
3967 5524
6243 8818
3521 5973
6307 9714
1143 1456
6744 7713
877 4364
464 5763
1941 4415
1598 3468
5237 7694
5534 6165
572 7584
4072 8805
783 5041
1874 6792
7657 9585
6516 9590
879 3501
3368 7765
5176 5790
7825 9599
672 5075
4349 7884
2967 5227
1254 5306
3730 8402
254 3103
5774 7212
468 920
6369 6665
2885 4256
4662 9204
4067 9625
3614 6354
2731 5055
1369 7875
3458 6980
3013 5691
3345 9078
5539 9059
3183 4901
2110 3994
5813 8546
3713 5520
4265 7332
4393 8830
2226 2670
1985 7543
3947 6493
1479 3879
3690 8357
5550 9409
1719 8143
3586 5915
2803 5417
6723 9432
1977 6776
5634 8556
1422 4112
4348 6060
6494 9049
5509 8964
1939 5463
724 8894
4290 8859
7957 8880
2040 6031
2671 7805
8902 9933
574 2545
5666 7796
835 5709
5363 6888
3683 8981
7770 8127
1068 1337
4917 9780
6919 9831
4067 4918
6485 7558
7641 9507
247 2588
175 1773
685 8088
4204 7656
773 4634
2932 7023
2111 3758
220 679
5021 5574
3485 3508
988 4734
357 8278
1358 6963
8782 9171
736 8153
5953 7150
5204 7045
2183 5890
3357 8844
2718 8343
380 1048
2164 6115
446 4613
4100 6260
7386 9804
6103 6412
1803 9397
2171 7316
463 6455
2271 6175
4832 5995
2137 7859
1225 4311
4866 8308
267 6885
3258 7079
5750 9936
7288 8574
1092 1294
4388 6196
65 635
2620 7182
7266 7747
1844 7219
6029 8632
1316 6277
1936 3782
2933 8759
2526 2532
682 2982
2277 4269
8376 9538
3069 6951
5823 8938
3120 6718
358 3269
6517 6601
7541 9552
1180 6865
4057 5595
728 9243
1752 9719
13 2483
1268 4921
3376 7457
7042 8039
7802 9598
581 8344
1205 6942
4205 4434
5615 8340
6343 8008
240 5737
2825 9109
3566 9906
301 2117
1567 8779
560 4423
1465 8263
999 5185
3430 4424
1894 4994
5329 6544
290 7148
443 9323
1882 2407
1897 5197
3443 5908
1748 2775
6618 7526
5733 6333
5616 9643
5140 9949
54 4377
4896 7268
6471 7622
5671 8671
2356 4208
1628 7233
531 1048
7821 7970
1614 1721
4404 5698
4114 4321
7702 8487
3756 4340
13 2217
6136 6248
158 4771
742 6809
3920 7353
1495 5751
3531 5683
998 5212
2087 3363
8721 8961
3180 8142
4996 7207
9144 9821
2039 3788
4222 8767
7960 8378
690 2174
194 268
4526 9195
1332 7921
4510 5965
1538 9829
5098 8661
1903 6314
1835 8746
6005 6537
1223 3148
8559 9932
7703 8868
5706 7710
1415 6537
2040 9069
5089 5713
3067 4882
890 3596
2213 6846
6103 6280
3647 9621
4174 5581
4160 5484
7037 9753
6794 7754
2774 4934
8937 9036
8044 9533
5365 8902
1079 1895
458 8658
44 2208
9250 9444
183 5915
4630 8938
1659 2357
3821 6803
942 4830
2522 6331
7654 7969
2856 7634
4028 6400
1258 5648
6205 8906
3378 6144
653 6330
4435 7965
3164 6996
2667 8970
3321 6018
708 7119
3237 6741
7618 9538
2329 8602
1708 6201
1035 1947
7244 9026
257 3263
783 4979
625 2037
1638 5388
1455 7029
1625 8552
3967 8271
1272 8334
2367 7158
5310 7925
9332 9947
3769 6062
116 8902
369 4750
2383 9062
2411 6891
4000 8962
924 8381
1784 5766
3316 6174
3026 8090
2210 6422
5207 9641
4244 9474
2010 2443
954 1367
1149 9072
5786 9223
8661 8771
756 906
6994 7142
4682 8913
2472 2619
2997 6037
6886 7174
400 5717
5702 8290
6762 7748
2651 9287
6130 8403
1024 5132
2302 9926
3223 3898
7244 9727
4930 5287
2373 3806
8480 9830
3870 8052
5804 6026
889 6368
5835 8532
1020 6278
1085 9723
2739 8310
5324 5870
1875 7825
2647 9457
450 4261
6658 9480
5771 7206
992 3605
1548 8419
1335 6723
5900 7060
908 3086
1792 9263
4577 5557
1346 8119
2690 7684
1289 9872
627 5261
2368 4393
6583 9568
40 3537
6327 6843
4202 5222
3093 3289
4971 8779
30 9311
2390 4926
3729 9094
3037 8469
3266 7227
3547 4252
1063 1440
1649 7429
2899 4899
2686 5852
55 420
4375 9973
2912 4516
4268 5327
6624 9445
2452 5533
1761 6869
1227 5383
2367 2727
4133 7701
3930 8185
4195 7248
3115 9642
2680 3837
1650 6441
2415 4021
5516 6631
4002 9254
2978 9207
509 2009
6061 7279
1526 5211
352 5879
1280 3664
2930 6411
3207 9359
2593 8732
5619 9830
104 682
1619 9969
9011 9894
664 8613
2167 9667
1628 8657
2808 2827
579 6846
4712 5000
615 9359
7748 8833
1515 5593
884 7111
5000 9170
786 5153
618 2332
2302 9825
3958 8374
4072 4299
3457 3701
5656 9120
5636 6706
3362 3474
2538 8350
3849 6752
891 1148
1567 9590
6236 9259
2935 9771
191 5163
4306 8312
3320 9166
7422 7902
768 9855
729 1374
4769 5882
3270 5481
1063 2587
2805 3984
815 1840
3035 4355
294 739
6166 6776
367 7587
3591 7432
1149 1510
305 6376
7723 9153
4360 7794
453 8847
1008 1513
6293 9483
272 9129
1848 9306
1529 4693
6850 9345
8331 9746
2774 8355
7076 7458
5127 9985
1540 4654
6363 7164
3109 4013
2809 5267
639 9906
3224 7055
3599 7758
4858 7043
6698 7161
800 5808
6225 9258
3545 6314
542 6775
6620 6667
6388 6545
1450 8403
4821 8658
2651 4644
2655 4646
1283 4880
2334 3300
3233 5129
672 6828
3044 6445
3469 8772
526 2840
1918 9744
374 411
1695 4047
1752 1933
5833 6341
2291 2638
4943 9681
6238 8808
1572 7841
897 4782
4277 6407
4567 6992
582 1902
3725 4203
3694 8516
81 9488
6083 9234
627 8109
983 5512
4002 6071
4863 8676
8151 9175
5709 9822
2534 2810
8811 9528
1697 6511
5862 7071
2914 6263
3725 8845
358 5529
6603 7082
6753 9519
5117 9865
2750 9836
5479 8159
4413 4694
1711 2137
1882 9674
3599 6632
5734 6637
6151 6423
7498 8453
6458 7431
9682 9689
3411 9538
374 7585
3960 5304
2092 3032
4335 6732
2148 4859
3397 7565
2235 4318
4608 7281
723 8956
406 7866
6172 9006
3353 5027
3434 3540
2304 3687
2749 4658
3737 4942
1117 5827
1046 8823
5646 6877
92 9729
2573 8638
3244 7097
5833 9365
1647 6492
4563 4725
975 5369
8091 9397
1016 7797
791 3652
5615 5764
6434 9036
4528 8077
6355 9229
3516 3566
5097 7020
3103 9622
1721 4062
2738 4264
4054 9203
7677 9514
3993 6782
4817 4843
3702 8234
2022 8386
1140 7515
6010 7612
2755 3244
5511 6826
3856 5406
5553 5867
2003 8256
1719 3777
7948 8294
748 2488
3093 4639
1798 6040
2999 5498
4095 6671
392 540
1110 2976
1913 3079
6732 9838
1758 6237
8131 9428
346 9690
1489 4981
1686 8570
2537 4263
1811 6504
1283 8242
110 9927
1725 8955
3160 6426
709 2571
5820 7766
2239 7689
5563 7318
4634 4851
2956 9508
989 9151
5417 5529
4283 8951
4851 7827
710 3280
1590 8322
6013 8736
1108 1315
1702 2930
1329 6287
310 2255
2810 3594
3937 5118
160 3304
6916 8493
4069 7718
7781 8207
5585 9779
253 3052
2167 9912
2128 5787
558 3066
8682 9285
6356 8333
212 2524
3792 8614
7354 7699
1022 2285
110 7631
5355 5490
1454 4584
8448 8715
5426 5671
2513 3783
3745 5303
7658 9893
3098 5254
1271 4914
4116 4632
2694 5128
4017 5864
698 5323
2801 4476
1455 8299
229 4680
9783 9804
3247 3907
83 3099
1152 5765
6762 9338
4671 8846
8241 8781
256 7831
213 2870
4611 7089
4236 7870
3050 9365
4537 5801
1916 8052
2000 9431
2722 6237
3200 7545
2561 6457
818 2209
2919 5648
3214 6027
8336 8616
5202 9418
5512 8641
38 2907
5533 8334
711 1559
5471 6101
218 4203
26 3094
3389 9713
4882 8262
3951 5816
93 6920
681 5154
6507 8407
9081 9641
2130 5537
1986 3440
1975 9758
553 1927
1050 4311
7812 8543
6410 6659
8204 8971
3082 3492
1133 5847
2451 8641
5323 5543
8373 8717
7692 9877
443 8397
3979 7757
5627 8688
4272 6596
1778 5218
4242 5811
2473 5862
2518 8497
4683 7324
1395 4693
2625 7361
535 9041
18 7789
1359 6232
3799 6716
1299 1479
6839 7675
6904 7598
5468 8630
6539 7683
7088 9248
978 3948
6385 8735
5212 7662
996 9263
1150 6800
7366 9100
4449 9984
781 8905
5454 8614
4770 9812
639 1494
370 4345
1265 2191
6199 9703
6491 9614
4357 8588
3602 7895
1744 7031
740 1917
3793 4641
1133 2076
3367 9254
903 4734
1332 5564
1142 6726
3794 7436
5785 6102
3054 4455
8040 8063
4528 6777
506 7086
1815 5736
2676 9385
897 9578
1795 8632
7979 9296
5496 5778
2257 3974
5739 8024
2655 8197
5059 9440
869 2148
2010 8588
2045 6023
401 2595
2975 4460
1586 4250
3224 8833
2525 6942
150 6197
538 7361
7678 9290
3105 3155
4362 9741
7071 8610
2989 5271
2207 3954
71 5837
3852 8599
182 5036
2132 3917
5944 9404
1133 2747
4377 6058
4535 5704
3743 7794
860 6319
6454 9790
2719 3527
343 5416
219 1954
7940 9559
4072 5081
4183 9511
3067 9960
8009 9560
9162 9667
7333 8083
3124 5434
7627 8750
4852 8494
1810 5356
1406 9439
8510 9779
2773 4686
5465 5705
1043 9272
1792 5004
3212 3964
8614 9476
6789 9138
3900 7661
3477 6363
678 3391
5481 8450
1321 2785
409 9610
1350 4755
4251 8325
1945 7085
5968 8730
6378 8237
7150 8416
45 5277
2011 8920
2641 8644
2376 9653
2690 5349
3835 5230
4170 9842
3169 6176
662 8012
6966 6971
2527 5292
3664 5885
1785 3051
4156 6477
472 5155
1969 4642
7006 9777
6444 6641
6611 6636
2301 5110
301 7265
2213 9696
5317 5773
2254 3603
3001 3799
3093 6523
4392 7173
446 6371
4018 8622
7099 9091
6636 7943
42 5747
5515 9392
7722 8606
5448 9416
3349 5842
2436 9577
1382 9569
4896 7479
505 9121
4523 6533
2284 8192
2241 8523
1739 3410
1768 9275
1542 9803
4840 8667
179 810
8055 8596
7917 9718
630 6431
1358 7372
2794 2862
823 1338
3176 9802
3847 3998
1508 7600
2693 5047
3044 5974
2247 2479
2168 8862
129 1989
7622 9655
5941 7037
934 2899
3715 7219
7183 9820
2686 7673
4303 6644
1816 7683
3426 7866
3146 5782
4346 7889
4735 5712
4717 9818
2852 7184
3415 6064
3552 6363
3676 6784
3995 4012
252 6370
406 5802
6535 9282
6560 7727
2551 8038
2429 8061
1556 3535
409 1764
407 1925
1738 2819
1104 4499
5340 8652
6074 8173
7172 9885
1265 9065
3521 4249
4434 8180
528 1993
6989 9037
5454 6081
74 2652
443 5489
1124 9858
146 904
500 3735
1688 2839
1207 4463
6050 6215
1078 1846
6510 8276
3342 6355
144 3567
2012 6291
3480 8939
5963 6642
5385 7408
5544 7196
5566 8914
4378 9273
7747 8582
5498 9550
4787 5759
1737 2568
7964 9356
5634 7333
3164 9116
3046 6938
649 3132
6154 7264
1805 4041
3345 8756
2747 9165
6165 6588
691 8615
7837 8359
3347 5005
1583 6678
554 814
5739 8953
6018 6825
1815 9020
6778 7875
1962 2300
1750 1942
690 3849
7166 7524
6040 9113
34 6989
3432 3960
5364 7435
5460 8965
4863 6875
4174 8852
72 6110
6161 9339
9261 9829
2603 7476
1706 2039
2068 5557
4849 9503
2991 3968
405 2857
2800 3333
2752 5657
946 5058
1895 4435
359 3558
496 3356
2525 6120
1436 3615
140 7805
920 1559
8946 9856
578 8590
4287 6368
5317 8272
2147 7481
6501 7071
1684 8376
7863 8320
1841 2822
1564 2283
2786 9192
4547 5193
4642 7694
215 1144
8068 8383
5511 8268
572 5108
3090 4169
3112 3267
3233 4890
1131 2921
5553 7224
5460 7845
3582 8234
3001 4656
2612 4450
275 3763
4407 9818
1075 2905
2091 9505
3390 7647
7000 7431
2663 5300
227 7143
5735 8910
5395 8272
2741 8446
6538 8965
1630 7160
684 3847
247 6671
7182 7684
3702 8430
2630 9947
4150 6287
5346 5492
4022 9278
2987 4673
6363 6860
3168 4540
5625 8355
416 1006
2120 3450
7795 8896
2909 7733
375 7783
5418 5956
890 3916
7561 8443
5341 7043
1273 5520
2308 7342
6820 9356
379 1022
7478 7653
2984 9963
2442 8267
2479 5887
7798 8138
1783 7427
3780 5679
7289 9336
2162 7014
181 3308
4242 9354
2290 4954
5937 9109
1526 4767
3328 5809
6237 9898
5128 5177
8021 9839
4994 5124
402 5275
59 5115
1685 8725
216 2998
812 8382
3027 8343
1930 8769
1268 9885
2411 7063
5043 9256
8581 9660
606 8395
6545 8927
6520 6887
5185 8616
2383 9759
3792 4619
469 7246
3701 4387
1880 2991
1986 6582
3373 4750
1942 5809
516 3796
6643 9204
5488 9386
1763 4970
3043 3887
2654 7227
5602 9939
3839 8892
3766 5572
3687 7698
7137 9667
3764 7140
2861 6234
557 5836
6964 9433
6542 9455
1477 6581
4211 6706
627 9034
8441 9400
5805 8104
5123 5930
441 7544
3359 4409
388 6935
4198 4319
1216 4095
3184 5124
1426 2972
1238 8548
5481 7057
6153 8980
4513 7649
2199 7863
9273 9731
8136 8464
2021 9735
3759 7864
545 6923
5114 6720
5318 7928
6529 8402
6473 7675
25 7550
355 7469
1064 6442
421 4855
3006 7379
7472 8020
1479 9851
6948 9214
3048 6500
9265 9608
6383 8733
270 1249
5560 5621
3908 6569
1079 4380
2973 9432
4521 5093
8185 8334
3226 4407
98 5475
2697 5512
7693 8546
4931 6007
5832 8017
1676 6182
6998 9154
8292 8581
8775 9247
362 5510
1125 7355
5705 5733
3397 8761
87 7550
7367 7455
5010 6047
6771 9737
3329 5912
4044 9194
3863 7643
883 4264
1578 7287
65 2767
7352 8802
6286 6506
3654 4901
870 3571
539 9319
888 3581
6569 7892
1771 4713
210 7779
3165 8327
513 1785
3306 4569
1919 8955
7642 9769
2029 5148
1778 2295
5189 5420
5568 8323
9501 9913
3257 9030
845 4652
811 6740
7343 8417
4965 5647
8012 8085
2553 4146
155 8324
6835 9903
1391 8513
484 6879
5244 5951
6335 7433
7404 9155
2465 4097
7071 9451
7738 7889
8658 8887
5518 6852
4401 5705
1668 5210
5838 9500
3589 5343
115 8008
4194 9822
7133 9912
4194 6897
9493 9734
529 2413
3496 8952
1770 3558
375 2261
3993 5363
2400 9323
419 7847
1952 4866
3745 7749
140 1080
385 1098
4898 8754
709 1910
6247 9626
5032 8604
3878 6262
587 7528
7379 9380
3799 7375
859 7169
1796 7275
2870 9677
1470 6117
5187 6508
7232 8215
5352 7737
2968 3524
422 5412
5565 8434
7599 9119
5263 6550
7857 9178
2836 8596
360 6289
4704 8459
2530 8158
1918 6615
2906 4618
2387 5768
3696 7533
3282 6204
5397 7192
680 8508
2103 7329
1870 4138
360 5041
6121 8521
2116 2243
2987 8806
8473 8669
5869 8168
6327 9910
5614 8483
1089 4900
4991 7127
6987 7876
642 5600
79 1536
5287 9190
2049 7582
5995 7284
1020 3771
1229 7218
8186 9174
7660 9636
2039 5648
3071 8304
8251 9771
5986 8541
4999 6641
1207 3970
3510 4599
1788 3414
316 2135
4178 6106
6170 8555
8 9274
3541 4367
5601 6290
2041 6705
517 2290
1597 1753
6614 9366
2692 4223
240 5017
5317 9571
1391 2764
1655 6740
3836 9972
2262 8939
1852 7879
489 8825
5233 6451
1859 5708
4816 8265
5768 7668
3506 4416
1106 4321
1066 2832
7859 8430
4393 5464
2214 8091
6002 7499
2422 5900
4790 7634
1288 2899
4298 6037
1921 6806
8527 8705
7432 9613
7737 8664
3049 5687
4023 4738
1164 4882
2017 4954
7660 8397
8389 8639
9409 9866
426 8672
936 1536
1633 9248
4066 9039
4989 8775
5120 6097
4846 6532
6082 6507
8000 9684
2365 4251
2229 7407
2037 6442
3885 9398
1742 8070
1135 6194
789 2663
4232 7325
1991 7156
1361 9082
226 7426
4315 8593
4019 7746
2744 5056
2234 9533
2739 6334
9035 9495
6130 8225
22 7214
605 5534
8722 9994
3753 8600
2137 4319
6425 9125
2841 7556
7358 9989
1700 3528
5374 8823
3951 4652
5107 5127
641 3526
1464 6868
535 4535
2550 8223
3970 9413
1432 2753
5624 8973
438 8321
4009 4688
3572 9503
34 1464
2080 2088
6921 8913
1976 9063
7783 8155
2165 8525
857 2803
3077 7031
906 7057
699 2958
463 4490
933 9419
4520 9863
3676 9157
5520 9032
3017 5466
2 7958
1240 6417
1579 3094
977 9058
4780 7542
3458 9618
2113 4418
7448 8605
2188 2944
203 6085
65 6483
5783 9271
1368 6043
4085 5160
1291 2371
2023 6812
2459 7032
2933 6158
904 4212
2999 4261
4104 5699
1675 4940
5875 6585
5938 6644
6744 9654
6976 8284
5625 8207
4598 7780
985 4245
4563 8370
1978 3694
2611 3719
429 9478
5463 7825
5898 6591
2085 7021
5097 6784
6618 6759
4246 7924
8162 8801
2755 8053
4077 8484
6750 9286
2296 5874
2404 8976
3327 6848
2462 7312
1913 9970
740 8699
478 4063
126 2404
5365 5740
8481 8516
1313 7365
732 5101
4994 9967
1891 6395
4587 7707
92 3854
2648 6606
5003 5272
226 3889
4760 6617
4263 8970
3678 8124
1547 5394
1598 4524
6708 9891
242 4072
6102 9065
77 6892
143 600
8326 9940
51 4612
2457 9172
63 7687
1608 8590
5652 5875
1504 8570
4247 6122
1541 6323
3765 8727
4760 5635
1181 6043
1888 6974
674 6866
5693 7935
1979 6649
4030 4834
3098 7021
5766 8391
6791 7671
3495 9648
5218 7357
60 1988
3538 4268
651 5424
5927 8467
1747 6487
7067 8998
3207 6821
935 8058
681 8186
5591 7960
12 7201
4911 6376
981 5747
8361 9294
6756 8064
1590 5288
6255 8956
1304 9683
5481 6250
3611 7066
3433 8079
4824 6396
6552 7859
364 702
2856 4313
3760 9914
1099 4960
2051 4404
2455 8812
1018 1685
578 3728
1041 1764
3445 8030
271 6582
3080 9619
1786 7423
6362 7205
6858 7319
1277 7926
7035 9089
8088 8750
1905 4132
2288 9414
6406 8865
6799 6927
133 7170
2942 6495
1384 5332
720 4293
2038 6035
7105 8381
715 1767
2123 3895
1089 2645
5430 7588
2113 5077
1153 7829
439 7381
6660 9342
7707 9989
357 5600
7917 9539
3562 4603
1561 6733
7007 8712
2931 7776
6440 7802
4958 8040
3902 6850
2385 9805
6597 9549
364 890
1042 8883
5400 7586
7785 9175
3373 7926
3626 6854
3388 7219
6042 9400
622 1059
2062 2892
404 6553
7977 7993
185 1255
2347 7554
5860 7258
4362 8243
2431 3342
1206 8320
1475 1524
2916 4300
4306 4695
5469 6984
1044 9122
2183 9417
2982 7758
1444 8781
1878 5182
1336 2515
6726 7240
2025 7409
3385 9447
7643 9722
2585 7484
437 4504
3335 7787
1515 4563
7690 8962
3405 5505
3844 9476
22 2769
6029 9344
7284 7999
3591 4046
7447 9707
3855 7546
7681 9615
5978 6033
2441 4120
2106 9730
6093 9909
3587 5055
1718 7566
5013 7551
1807 8888
2226 9593
1636 5295
4422 8249
2542 5275
5876 6039
5640 8253
133 9798
2350 5900
2674 9498
4457 5085
1622 2031
4179 4209
4021 9178
514 5809
80 268
2325 7924
4218 7274
6511 8172
4818 6867
4214 8882
5689 9958
7308 8478
1054 9904
4289 8884
9323 9916
937 5049
5726 6661
1819 7687
1960 6663
2936 5804
1904 2302
675 3667
432 9883
2499 8488
8371 9592
3350 8141
997 7368
1113 5784
1423 1750
5031 8847
3442 5213
4741 9473
222 2668
2910 6630
2882 3949
6326 7635
5437 8123
5396 8969
28 7148
248 8627
786 9301
2755 4098
2638 6698
8400 8683
5375 6500
1010 7855
197 5489
425 5744
1715 7494
351 1068
194 9950
737 3033
5406 5880
756 2562
2026 9324
898 2299
1198 8429
1087 4334
8572 8767
34 5855
4026 4258
7273 8607
1070 1513
1098 2241
2599 4047
1499 9722
92 5102
5622 9930
7020 9395
2005 5387
2172 6152
1629 7629
225 1445
1627 4710
2310 7378
1670 1934
4523 5459
4788 4940
2617 5177
1511 4085
2710 8067
7120 9998
3335 4523
1683 7585
79 9147
1787 3723
8800 9813
2262 9607
771 7099
473 4333
2150 9330
1327 9040
2570 4609
536 2937
72 3636
2222 7528
4152 9062
2714 4014
3711 9435
3554 5835
1850 9662
412 1824
1355 8419
3405 5381
7348 7845
8425 8804
4988 5102
3193 9978
915 3999
969 5847
3068 9065
4390 6228
5948 6334
494 2087
4317 4405
5637 9088
2144 2793
394 6793
1766 9558
4293 7806
4673 5111
4268 6092
994 7861
7654 7876
2985 8046
4864 7184
867 1688
2345 7896
689 9696
1715 4308
239 3254
1395 2597
3260 4234
580 1006
1916 4987
2710 7748
1968 8369
7662 8521
2722 2777
6319 6844
1414 9599
5330 7987
4210 9043
418 6706
1986 2613
858 6775
540 6143
5112 7924
3351 9759
708 1630
7333 8215
3075 6003
1900 3223
2611 8220
4797 5236
318 6143
1025 5379
2775 9064
4097 9235
9110 9256
645 1546
4670 5391
5958 6985
487 9348
2437 2561
3050 8242
3267 7087
1270 1883
5884 5989
4266 7777
808 1183
239 7781
1400 2901
2310 6128
5515 6526
8179 9830
6464 7043
152 1372
3624 4405
1235 6902
443 5105
346 1942
2143 4136
3441 5081
5926 9257
1276 1312
5621 8515
3922 6897
3978 7793
5916 7571
3667 6523
1511 3106
7907 8138
4310 5033
689 9191
269 1181
2056 2116
3761 5740
103 4015
5181 7043
1826 1941
2802 3514
859 3843
3928 6028
959 5800
3557 8964
3414 5821
4536 5249
202 4369
3106 5731
1235 1809
867 1963
835 980
1053 2030
731 6308
8099 8802
3221 7632
4052 9841
3907 4898
2911 8080
4676 6076
3253 7554
6109 8068
1792 2531
5 740
4457 6602
5966 8286
4109 6446
1686 3235
4100 5242
1140 4937
481 4733
1943 8737
3987 8876
2049 6948
965 1996
4003 8318
19 5152
248 4682
5231 9688
2942 3826
3214 3713
2770 8064
4515 6273
3245 6743
3829 8759
4665 7964
3488 7013
4045 5637
587 9950
7008 7829
3738 8375
621 4663
3328 5649
686 1949
4819 9790
4073 8029
722 3144
7236 9289
2766 3702
2752 3764
1089 3636
3139 8037
668 5718
2333 3504
1622 7410
182 9918
452 6269
1548 5055
742 4244
1784 9035
7989 8676
7138 9599
5850 7816
1763 2945
4554 9662
730 2250
7830 8605
5915 6491
4641 8443
947 1880
2762 3062
3126 3981
2144 5709
7096 7475
2362 6136
5771 8832
1244 4311
816 3948
2776 5920
3562 4097
4231 9216
206 8018
1534 8175
1122 5568
1558 3961
1775 6430
677 8402
5656 9752
5912 5936
1049 9675
3593 7450
5844 6604
4357 8046
689 6470
3021 6684
2124 9072
2450 3836
4876 8234
562 3936
760 2678
6333 6732
1211 7156
24 7073
8401 8506
3238 9422
4876 5991
3223 8641
2872 8253
5176 8373
2790 4247
5242 5408
4877 6787
772 2641
319 8134
3287 6682
3534 3936
8228 9258
2200 2509
5741 6027
1420 1689
3928 8804
4454 7812
1792 7949
4628 4667
491 9272
1135 1492
4187 5160
4433 5837
145 9205
3793 5936
6331 9760
2366 9274
4501 7170
1555 5587
3190 7893
797 1790
6594 6904
5025 5748
6915 8440
1707 8706
687 3131
3407 5160
9135 9639
4279 6005
743 3523
8767 9186
5255 8736
2974 9224
2703 3086
1206 8133
1594 8816
4873 7050
5659 9290
6692 8377
4209 4757
5265 7606
801 1555
1992 2093
3500 5609
6865 8594
2124 7197
2416 2824
3 1730
611 6375
1152 5225
4117 8884
1417 9798
1981 3017
2309 5371
2834 3856
5296 9180
5285 7843
1343 4833
961 8544
1324 8025
640 3954
3098 6884
928 9209
5128 8615
4087 5737
6866 8205
3301 6251
8853 9309
4 2670
7025 9022
8128 8937
8670 9217
6969 9245
4150 8070
78 6491
5913 8195
3138 5183
4433 6385
224 7932
399 5967
6418 7473
915 9253
42 366
10 6814
4090 5331
5335 6723
1013 2289
678 3282
3186 9584
3678 5312
6994 8745
752 4693
749 3181
7432 7761
1630 5171
4757 8970
1765 3955
1041 5004
1657 1782
4745 7253
6084 6660
1915 9711
3108 8718
5795 9014
781 6340
7660 8698
1812 5845
4123 7106
1802 7788
8941 9155
360 3549
6515 9300
5003 9789
4172 7491
3573 9799
3625 5182
644 4290
6779 9257
1328 2760
1182 7998
3168 3930
2466 6346
7130 7963
3083 8329
2668 6138
1015 6239
2996 9048
559 4504
5258 6737
8428 9735
211 1625
4797 9279
2584 2935
2917 7974
5170 9493
6078 8849
2856 2930
2391 3812
3037 3826
1323 2123
718 1889
628 2637
4802 8225
3281 5786
380 3639
174 1697
7436 7436
171 2045
2846 8951
9395 9599
3475 7773
691 4841
4956 8155
484 6289
2587 5201
6598 9201
4382 7734
871 9275
4226 8661
110 8459
271 5359
5022 9988
9358 9877
2443 8765
293 1147
2641 3475
6048 8687
5555 7099
4841 5913
4490 7939
5672 6517
2253 9726
702 2476
3126 8464
1615 3788
529 3177
8135 9649
4527 6069
719 9195
4853 5346
4876 9162
2752 7395
5319 9574
1087 9626
488 7463
3524 4249
4618 7621
1000 3489
2239 7379
3744 4517
1039 3647
250 1810
8083 8507
71 3587
2179 3869
2658 7438
5060 9974
3169 3958
1365 7866
8578 9751
33 3531
6434 7960
27 5957
4144 9819
4577 6526
2077 3312
6215 6830
4855 6608
1490 4641
385 404
83 6760
6659 7671
3623 8806
7379 9480
5004 8435
1112 1361
2180 6709
963 2081
4562 6339
5318 7364
7841 8241
2161 8936
1820 6336
6704 8822
2062 8576
3043 8424
3906 8505
3878 5872
6370 9366
4880 5324
1023 2393
3801 8949
4128 9336
5721 7096
1603 4597
6429 9331
2424 4638
1696 1982
3390 7649
5407 6080
1562 1702
2988 7928
682 4326
2935 5193
4503 9748
2335 9044
3687 5348
3915 6262
2347 5065
5226 7176
6812 9641
973 2923
3522 6000
6048 7181
6969 8013
1506 4564
7012 7350
5781 7446
1709 5400
493 9830
6757 7502
3376 8584
3225 4569
30 2387
2758 7866
7350 7474
8603 9125
350 9757
1807 3246
7367 9851
2485 8701
2169 2574
772 9371
5165 7585
6354 8273
588 6441
5597 9855
1734 7000
2988 3767
895 4034
1557 8198
1714 3121
1884 5840
4822 8973
9446 9980
983 3746
4978 6270
2108 4980
2068 3909
2871 5521
6408 7045
77 6677
8532 8629
698 5745
1159 6391
2634 9823
4569 7445
7711 9583
7701 9242
2141 8999
313 4268
6806 9061
6785 7685
1126 4192
6730 9765
1069 5858
8596 9537
1414 8145
1481 7688
182 5980
591 1388
3575 8897
1993 6503
8918 9691
6037 6555
2469 3618
6420 6628
4639 7709
4157 4779
5889 5914
561 2819
970 5390
319 2613
1845 9440
7248 9852
4787 7824
1614 2197
8414 8625
662 1156
4688 6608
8080 9270
3688 6982
2364 4447
5922 7463
7514 8151
2160 8224
5745 7077
1120 5945
3610 9968
5682 6845
1801 2668
5612 7491
930 5799
7411 9945
6439 7925
578 4694
883 5407
7358 8687
3988 9375
966 8075
629 7450
1373 5834
3934 7104
770 8743
2728 3081
1295 1470
2727 7670
1979 8382
2515 8856
2092 4946
4395 5745
1187 2353
1205 7350
3727 5508
2722 3599
6103 8981
6002 6688
1464 7429
2448 5406
6472 6897
7481 8869
6568 9144
5550 9231
4196 6012
209 3667
385 6653
1927 9085
2174 3150
2854 7456
2589 3723
9253 9477
1154 3292
3935 6490
2920 7693
1360 2610
4524 9083
1664 2809
419 2338
2573 3322
348 3703
1228 9113
3932 5040
7163 8641
381 6153
7099 8379
2845 5320
113 7967
207 8915
475 9353
5164 7824
5347 9462
1475 8154
1624 4312
5539 7889
3871 7027
813 5578
5042 9843
535 2246
5548 7205
2252 7691
1408 2769
5115 7152
2406 8650
2911 3455
2702 9376
2898 3848
5633 5796
6377 8580
1837 5164
6173 9365
2505 8525
522 1607
2421 3598
328 8520
6795 9794
298 4153
4457 7191
7373 8308
502 2040
2320 9165
7244 8663
883 7013
3542 5405
3703 5635
2295 8137
6745 8206
7434 9706
4085 9637
154 491
4113 7407
1755 5933
745 5938
3107 8446
5453 8592
6282 8039
6885 6978
5434 7039
600 6978
8229 8870
3365 8120
2847 9926
4189 9996
6059 8190
5806 9553
1814 8638
8745 9548
3732 7020
580 6802
1884 4900
2283 5312
2208 8737
1081 4739
5594 9347
7040 8366
8637 9918
256 2282
1395 7429
1621 3060
3988 4736
6367 8189
7531 9003
4230 8731
9402 9550
5816 6569
3759 8395
452 8646
5320 8136
2881 7295
5209 8633
367 5899
5805 9342
976 8724
7297 7412
771 2653
2723 3159
3323 8369
2020 2388
5468 8173
538 1594
5318 5546
1471 5519
2833 4449
4449 8906
7774 7857
7362 9923
6753 9459
1486 2566
1248 1904
3916 6984
891 7048
1467 3435
1514 5136
3347 5638
2238 3169
1432 1825
3674 5853
422 6906
6258 9585
7381 9784
1825 6268
3559 4007
2045 8271
3527 9784
2695 4116
3422 8291
1195 8729
1893 4456
117 6553
7613 8838
505 8789
2529 7755
227 2526
1389 5089
3285 8259
1589 8795
916 1485
7881 9993
2508 4367
163 548
2394 4320
759 1796
5705 9162
1092 4542
5216 6171
2591 7826
3356 7423
3382 9549
2266 2469
3747 6450
4746 7171
1816 7325
1531 6341
2356 6090
4109 8468
7708 8435
2021 5410
3488 8312
1610 8032
288 1429
1779 8811
2447 4257
6647 9321
1435 7049
1000 2017
7031 7729
2753 4153
2259 6550
4676 8559
2441 5117
1133 2827
3654 6417
5915 7825
2594 5014
1025 2052
7239 8884
1575 5089
4445 7177
525 1726
6358 8651
263 6547
194 6488
1803 2212
7599 9392
1824 8911
1075 5443
6095 6384
5415 9404
4787 6837
2874 3833
4175 9996
6015 7709
1156 9320
1236 8112
4453 6752
525 4393
105 6050
798 4269
6521 7870
5500 7996
2629 8847
6636 9646
4649 8449
1412 1839
216 4780
2702 3497
2842 5311
3646 5857
1330 9298
9158 9569
5973 9978
1721 7368
3599 6165
6696 7262
3080 9346
6368 9465
373 1682
3170 9597
1510 7324
5938 6654
7864 8387
1348 7763
159 162
325 2439
5422 6641
2914 6803
3206 4853
2022 3885
420 9115
2096 7626
2230 7380
44 4647
654 9299
4721 9468
1327 5030
1127 9865
314 8887
3904 5930
3671 9749
3248 7768
3811 6403
1868 7473
2175 5242
2526 9720
5689 7195
7940 8653
2869 4177
427 8897
2957 5369
1205 2043
1365 4196
8301 8834
458 7321
1543 2267
3989 7801
1443 4906
2513 6779
5720 8683
882 3165
6188 9850
830 7114
5229 7593
4377 4547
3855 6921
2154 8198
2481 3175
2942 3267
982 5011
2090 5746
2915 5573
5077 6269
4625 9720
6833 8466
3865 6696
2203 6067
7510 8003
6627 9876
2913 7963
2860 3248
834 2557
1472 5480
3595 5655
1502 1811
1442 9223
9412 9976
3357 5582
4678 5288
4467 9983
2475 3032
4778 8138
5505 5947
5158 7003
5724 6603
491 9817
1217 4830
5392 8895
2223 9582
1087 7198
7387 9922
5139 9505
186 6915
4566 7320
943 6654
4980 6555
1250 7091
4968 5094
1373 3911
5975 7533
3091 6578
5574 9666
3383 8986
920 3262
3022 3398
3818 5315
3637 6874
3324 3332
1677 1705
246 1513
2115 7064
1877 5407
3492 8807
4035 7226
4390 9921
3473 5773
7388 8636
3277 7918
1984 2470
3534 9256
9718 9801
3269 8005
4670 8455
400 1813
2786 3086
870 9316
3361 5805
6255 8054
728 5567
2764 7289
8540 8838
6818 7048
428 1549
2651 8601
8210 8863
1225 6606
820 6082
5983 6432
2524 8922
3523 8592
4981 8823
3571 3966
163 2948
3270 7388
560 5701
1043 1933
863 4688
3412 9445
6083 7627
5747 6297
95 8412
1698 6251
2443 7757
6915 9593
4914 6743
913 2381
4771 9827
340 2177
4177 5580
1650 2244
1159 2264
1608 6429
3139 3298
284 6183
4425 6447
1381 9544
6865 7786
4872 7814
1624 6677
3190 9815
4313 4504
5609 5669
2208 4427
2378 8824
2102 2149
1005 2480
2521 7130
3304 6421
5581 9159
6872 8402
3245 4587
638 1782
2027 9531
3337 8531
4211 9621
5691 6328
1761 5656
6515 7586
1387 5510
4336 9406
5409 7334
387 1220
93 2452
278 465
3492 7363
651 9374
8482 8749
4323 7653
1277 4252
4506 5791
5231 5728
8293 9054
3524 5157
5665 9341
386 4388
8131 8507
7740 8456
1356 8012
4201 7004
435 3766
1680 7443
213 2565
2080 6500
944 5703
1943 4494
4891 7323
2190 4140
5025 7966
3659 6407
1829 7470
4939 8222
24 4432
771 839
7077 9610
244 7957
3435 5143
2317 5404
8699 9398
9569 9746
1423 8140
9652 9896
1194 8597
4198 7886
2667 9147
6621 7989
1769 3945
3319 6241
5516 6241
2902 6804
4152 7318
4078 7125
7449 9149
2551 8169
3004 4463
3230 8736
2597 6648
3029 7527
2476 4557
1252 4902
2746 5357
3178 9562
5310 6335
6030 8506
217 816
5688 8719
1763 4309
2997 4302
2279 8410
1378 7092
3127 3931
1180 9442
1793 8056
1292 9708
5867 9063
1684 4064
225 1672
693 5719
3263 3833
5005 8840
4196 7823
1546 6857
3660 9967
56 676
1224 6367
5368 9707
4726 7983
2431 3394
1975 5976
4148 6003
2350 4728
2616 8316
4122 4605
2051 3489
2068 8942
1189 2441
2084 3564
512 666
226 4125
19 3796
1601 8113
4105 9595
1148 7436
677 3537
4084 8148
8426 9773
4704 9277
1367 3410
2487 2697
2257 8785
127 8982
2429 2491
4781 8265
4760 9431
1759 7606
884 1409
6858 7654
784 7252
8614 9442
6530 7010
2948 4533
268 6180
95 2494
2553 3222
5676 7340
374 6880
491 7563
496 3870
8206 9818
1086 2370
3279 8957
2579 7223
154 5380
3299 4686
4103 4767
4641 7792
3024 9558
326 5380
1449 5594
6273 9411
129 6941
7975 9387
3478 8326
593 8924
4886 6848
5264 6409
83 1636
2485 6713
3329 4983
5355 7382
4119 7561
1293 1953
3213 4732
