9000
3447
679
1356
971
2701
601
74
2910
8254
8766
7394
7665
1908
1481
1036
626
6161
7361
719
2068
1217
633
1120
6395
2490
2175
5266
7675
4758
6889
8371
4593
4989
2587
3662
381
236
4063
3168
5029
2241
2853
6051
6787
7249
5172
4152
2167
4542
8375
5659
6483
4093
3285
7550
8300
4348
5817
2949
8917
66
2712
7809
8921
3269
1749
6513
128
4333
7305
5881
638
5209
8860
4146
6058
8408
1808
273
237
4135
7967
5473
1838
5148
6192
657
5868
4957
646
5935
727
123
4462
166
7579
2772
5426
5281
2552
1822
6431
3638
6650
3096
344
5886
3432
1216
3738
5604
1501
208
4265
2895
3670
6232
8996
5390
7789
4503
5290
4862
6178
2793
2072
6324
5623
8642
3916
1008
6438
2695
7556
5210
7669
4176
204
3729
6775
8013
5264
1265
5152
6965
3892
3314
2944
2830
1352
7996
8503
1143
8343
8498
2657
7428
8998
8228
2096
5124
691
2088
5814
4834
6093
1607
3987
8018
1269
4074
4555
6494
1996
8539
2258
3828
8065
4704
2919
7419
3593
8127
2529
404
2958
4057
510
8563
132
114
5893
7764
6569
7804
5927
59
3293
2584
8678
8547
8084
1571
358
7139
1368
5158
6852
3146
3133
2372
7947
6488
3195
6168
3116
2502
3896
3693
5709
1581
8549
79
5975
7448
378
2689
5818
2844
2514
810
2169
3203
4576
8235
2314
7102
2479
991
8588
4757
6940
1152
7906
4958
1110
3176
5092
1874
8392
7616
1231
1507
6891
1364
2785
6606
7666
3762
5287
2386
8245
3800
3720
5081
3277
6424
4442
7409
6895
3260
4668
2671
5842
8128
5329
8784
6555
3878
8318
7532
4226
4318
8248
6893
6690
1276
2651
1745
2827
6037
1450
4291
260
925
1856
8212
6505
414
863
6796
2792
6531
5271
1165
2674
6002
2670
8804
8982
1088
6029
4732
4259
2614
1630
8644
6373
3026
1256
4561
822
5656
8112
8808
1387
326
2698
8406
7758
1053
2035
4038
8916
2929
3671
7353
3872
4014
4078
6778
8823
6890
1520
7183
7810
4088
898
4920
1167
1587
2149
1015
6920
6708
3939
7903
8949
2493
5765
8323
2617
7092
5728
8289
3401
2503
2982
4760
903
7328
1992
6414
5326
884
6101
3283
5000
1965
2691
7408
56
139
7729
3159
7807
7454
7509
4486
6340
895
4476
2983
3334
6929
5405
6827
1878
7283
6591
3126
590
4203
7945
4241
5629
3647
5974
8022
7207
7528
7578
4150
5953
2823
4327
1131
7262
5517
2945
1385
416
7832
3979
3538
4615
7601
5615
8102
8731
8706
6947
445
3012
5430
618
5365
7690
7855
5086
7326
3232
357
3612
4612
4601
5220
3289
5921
6574
4266
5891
8426
3253
7756
6262
1283
595
507
6662
3527
6273
8579
1934
3230
2607
6409
8100
7883
3476
5704
2754
2198
8715
6206
3817
6193
8
196
994
115
1488
1545
1942
4865
1114
2591
2082
1885
8037
1000
4849
2353
2124
2102
5565
3628
48
1509
4569
259
3772
7413
499
1683
3178
2904
5533
8906
2287
5289
8030
4062
7257
7097
5236
859
4331
8975
1591
4837
5879
3564
3812
4924
1998
6773
7851
764
8643
4510
2034
4540
7939
3129
4785
7271
4268
976
8550
8133
4899
4734
4723
7435
4678
7728
3590
8876
4930
7994
5141
4939
3899
21
3011
3090
5823
4661
3183
5501
7028
3092
3428
3951
2888
3081
7148
4312
1794
4108
1598
5028
4531
1308
5196
73
6110
1615
8963
5801
3160
4582
2931
5179
8638
181
1296
1757
6090
828
2393
3358
6112
3854
8151
1550
2656
3996
3517
5132
2548
426
2340
4699
8990
1913
7517
4536
1739
7806
4515
27
217
7012
966
2384
4598
1174
1225
2065
5396
6813
3174
1320
1138
5519
6948
4793
1967
1126
4608
291
7149
1696
4871
1200
4473
1192
8146
5804
4177
5701
8909
6357
3457
5160
4070
8359
6651
3493
3333
7588
6718
7846
1369
2231
3481
106
8268
5324
4433
1376
7142
5563
4002
4089
1722
1020
5528
1588
1304
8431
2672
3139
8714
5339
5941
2008
6040
8878
5490
5516
7224
2803
8215
6219
4982
3877
2520
979
6818
3215
7814
8302
2221
5994
6125
8293
4359
1841
1431
244
4708
2313
8108
5325
8020
5613
3471
3725
6637
4903
3558
8523
6187
5391
5197
8686
7852
3058
8059
4514
1386
2568
940
6180
3656
7447
7974
5156
7873
5650
3300
4754
1400
6984
8227
6369
5829
5768
783
8753
3869
8809
2395
7724
7975
868
5675
3036
5590
230
5333
3955
8142
1060
3750
5887
1473
1420
3006
5344
5653
2991
345
8755
4237
3999
3244
7845
8184
8283
2630
3525
651
8436
7034
8234
299
2173
7013
6012
1093
2155
3791
5424
4848
6949
3595
6881
7899
4390
542
309
26
6196
5414
5819
4370
1665
1703
7798
8339
8545
8322
4701
5824
254
6499
5561
19
4646
5932
4934
8929
2718
3102
6913
7653
3588
3131
8462
1119
2202
2494
1962
8487
6270
8285
2350
4896
7068
8590
3778
2133
4388
8186
2050
4537
2247
926
8509
4844
6361
2151
6102
1554
1085
6061
4110
1518
9000
5476
1474
7388
6394
7031
407
7050
568
7431
1168
1596
3474
2549
4000
8946
8819
944
146
4577
2271
4234
6302
235
7374
2914
3767
5151
6578
2652
467
2769
8660
2920
4094
186
8923
2168
3696
4512
4724
8385
3603
6755
7885
5085
8925
7655
2582
6177
6468
790
3430
3094
5090
4935
3623
6263
6055
28
6475
2021
252
6524
8025
6030
4341
7406
6847
8793
5684
2688
6194
690
7480
4194
3486
4303
2558
869
8951
3441
3304
1735
3181
753
1726
8193
4400
1170
6808
2575
3518
7557
6736
3954
4013
7658
5582
271
1495
7780
6454
3200
100
3316
7287
2295
3189
8772
6107
5599
7307
7141
1786
3960
6377
6417
1001
6809
328
5662
3156
5023
4069
2834
5155
1382
7196
1038
3392
7488
3254
6882
7467
3155
2087
7837
7790
8316
4784
4459
4975
7277
7320
4430
5059
3118
4860
902
4859
6223
7761
6094
5724
3109
1262
913
1774
756
6026
8650
1006
7527
7375
5164
1076
4624
1589
3758
1811
304
2893
8863
3586
1181
1536
3324
7281
6565
4360
8192
6258
6467
8055
5559
3553
6123
1275
8622
990
480
8635
5658
3781
7915
8088
2884
8246
7987
4352
5162
2172
5755
5217
4843
4961
1531
744
2159
8415
6537
3587
4285
2055
4218
3940
3191
7612
8118
335
3164
7179
5033
1490
2368
6945
6412
6717
914
6897
8429
3915
2883
116
961
6108
6297
5474
6554
7670
3516
2134
5357
1101
5760
7382
7972
2836
7106
7678
6514
6570
759
4496
4618
7024
429
7812
6991
58
8087
3754
2832
5825
7990
8399
8641
8691
1991
7325
6951
1657
5739
4855
2260
113
3908
3308
2427
3099
2469
49
8605
3311
998
6602
5479
4632
3158
13
1924
7417
5622
1923
1399
8654
1512
2312
6292
6104
6702
5184
6019
6022
3273
7383
4330
8504
5633
6822
2184
1414
2246
2162
8274
5239
5415
8582
6688
2030
4854
5853
986
7194
2044
95
4058
5283
7704
3111
4623
5238
6698
1260
3296
4949
285
8296
2808
3643
6532
2460
3898
8311
7482
8101
7456
2569
584
5530
5436
2331
4128
5752
4276
7071
8243
3614
494
8974
8033
2108
3957
4029
3415
3805
5961
8957
3161
932
2031
143
5562
2009
4951
6426
1321
8768
8164
8716
3505
4882
2114
3551
6629
5150
2166
7226
7491
2998
7259
8440
5877
7412
7923
2559
6516
4020
342
2837
2373
5268
2687
7200
8913
3321
4353
715
5240
1250
7039
67
4403
4065
6442
5963
4190
8250
5869
51
7501
2405
3310
5331
6390
7672
909
2356
5259
7519
7857
7434
1513
1590
3125
2790
3844
6605
6300
6408
8890
189
2222
4267
5540
2990
7331
3733
8965
4163
5241
2700
4282
3194
7752
8181
4497
7451
797
8024
8857
4709
4001
1362
8781
2070
1911
403
596
1767
6743
4789
1612
6845
7297
7152
1019
4524
956
2097
3091
1638
6091
8138
8442
3184
395
6663
290
2870
7751
5032
7443
8595
593
6964
8345
8402
3045
3740
4125
1496
6653
1772
3541
770
2818
5459
8304
8230
8287
8063
5237
4480
656
1633
1753
5300
2001
3472
1115
1172
5229
4095
2773
2495
5452
3629
7956
6127
1226
2878
8139
2817
8567
8735
4010
1429
7048
221
2728
7191
1049
6402
6828
1778
8852
6374
7261
7992
483
6587
8912
3997
4812
7429
152
6937
551
6816
5878
4321
2153
5697
1898
1854
2678
7834
8692
574
3082
6295
5867
5979
7821
1984
4583
1487
8347
8240
7988
1576
7003
586
1528
6072
6998
4539
850
225
1294
5592
5256
4742
3984
5715
7453
390
3104
6851
7771
2377
2317
7242
5071
8307
6366
7202
2002
8038
4841
2760
7420
1695
3368
4950
8187
3712
5420
3186
730
3560
2125
5308
334
8901
144
8051
7114
7079
4356
451
3078
5534
5827
347
1491
7189
1246
2098
4898
5427
7656
8898
4516
4050
2163
4178
8060
3121
2085
5796
502
6923
8510
6583
939
1068
6405
6765
2547
3201
5202
1988
5280
2004
1986
6207
5067
3949
7167
8698
3930
7847
7077
2641
2863
2831
4482
7188
3350
1830
2174
1702
8028
1975
2806
5911
5467
929
1527
5411
7878
1946
2400
2640
5502
5116
4657
3774
1428
7734
1236
4252
7815
7917
3480
5923
323
339
226
1161
6062
161
7642
1646
8309
5606
7059
6128
1521
7908
6906
8047
5465
536
61
3652
2120
4484
4041
2473
5458
6901
7568
5995
5125
6028
3179
2523
1121
3367
2077
1626
2800
2912
993
2957
7165
8765
4445
2686
8205
3268
3499
3956
5587
5669
8494
1976
1422
3533
3989
4996
8357
5726
5354
1214
1079
7676
1447
5696
5143
5261
2924
6842
2777
4610
6073
3276
7358
6370
7998
8104
7483
5681
6190
5012
1773
2026
1327
3223
8555
7216
3974
6233
3348
1052
5247
8342
4853
412
5795
2113
1300
3075
1549
4589
8991
5639
1728
7366
3776
1969
8203
4167
3570
6888
4912
1756
5510
1799
4365
3175
8625
6825
8473
4422
1303
6352
6652
5663
7122
2997
7613
7719
4092
7561
7876
751
8723
2925
5117
286
4240
6686
150
4550
8330
6148
8011
8178
6820
1287
567
811
6944
749
5970
3019
3829
2526
5960
682
1445
1470
1738
6960
8888
2716
8961
7053
2389
1784
2346
5600
724
218
8688
3487
945
3440
611
2458
11
6362
5496
8596
3247
8712
4985
6449
6472
8632
4235
2121
2719
7300
878
7360
907
356
2074
243
7858
5211
1608
3761
2981
4139
8448
3209
7921
7973
423
718
5177
5003
6289
2527
7828
4532
4567
7001
8365
7864
504
4384
2763
3827
8129
8175
6534
7084
5446
8659
1610
5142
8791
3846
7085
5073
3407
7020
6760
7520
8856
4184
3936
7808
6039
8191
3071
6814
179
3668
1552
7943
4762
1199
6714
3130
2033
3148
8439
7862
538
3861
807
3765
435
3377
1565
6486
4647
856
1390
1458
6668
1010
7485
8412
4358
1930
8073
7398
2962
2879
4260
4066
5221
8120
4913
1211
3691
3460
2496
7298
6
2601
4182
6994
4857
3641
7794
8842
1503
5361
8312
4444
6189
6353
1173
2935
2742
5346
3383
6849
2447
1094
1533
5288
8351
8213
5707
2567
1132
4346
8216
8490
6330
4275
7022
2794
5500
1178
8950
2880
4277
3237
4060
258
3114
6166
4794
4509
732
4454
5269
8532
1816
428
6677
7778
4022
6722
2406
8987
838
2996
6356
8148
6294
2778
8722
7104
460
134
6430
8887
5781
5462
1689
4474
5997
4229
1766
2868
7062
5737
1747
2042
2905
6854
7379
1851
4995
3323
6692
813
2349
1944
8969
6364
7244
1070
7251
3546
2595
4414
1222
583
2415
6647
2512
5780
8924
6164
2463
495
1014
5031
212
255
5425
1033
1359
5189
482
7206
3708
8467
3902
5408
8930
3352
2292
2123
5270
129
2045
4243
1408
4231
222
3248
6163
4611
5901
3519
775
1636
97
748
7424
5377
2869
3063
124
3528
7002
427
1712
200
1819
3451
837
2299
1619
4800
1556
7802
2550
8506
4460
6285
6660
498
4257
742
7784
8575
7962
6134
5643
7158
4255
6114
5702
1295
4488
157
5784
2477
104
4832
1814
8282
7040
7571
2084
1759
4990
5444
3238
3033
7657
5382
5687
2448
5147
3515
5965
8170
1922
4670
1158
3388
4986
594
7818
5882
3875
2650
2594
4627
6106
7209
5101
5555
7446
1278
5741
2266
5831
3330
1032
2554
5854
6706
4870
1434
3446
3746
6398
413
8910
3076
3331
6620
6301
5578
6946
4495
1510
1479
444
8029
7475
5421
8489
7663
8718
8012
5672
3054
8594
178
1840
6249
5231
456
5275
2288
5004
3400
1542
3212
3700
5200
643
5980
7697
6805
6642
4570
1456
2693
3320
8629
7086
3280
3627
980
5214
6745
3281
7395
6687
1972
7735
7963
4472
2557
7333
4638
2061
5859
6184
5721
6027
1551
2483
4861
264
2058
6203
4922
4973
7927
4003
726
1625
1026
747
2233
8656
592
7687
7506
4205
6271
8113
6577
8389
1482
8076
750
5070
7934
4157
3100
631
2073
3835
4543
341
288
7700
62
3462
4771
8158
2215
8565
6497
8645
1651
7418
8417
3188
8744
2075
0
578
5139
2344
1258
3396
5972
8121
3402
8807
4722
1853
3664
7056
6824
6640
1248
5660
1672
758
6792
7718
2457
1547
2449
870
1834
5948
6085
4665
2624
5745
2911
851
6143
8239
8628
2228
6695
4230
5370
4166
5551
1818
8045
8062
2623
7529
158
8920
777
918
4048
7332
1383
616
6958
443
4270
2014
3224
8437
8886
516
6344
8880
450
1064
3398
3411
156
845
4483
5581
5372
634
4971
6542
2669
7929
4936
3088
517
8568
3581
3259
6673
7849
4743
6212
5851
4998
3901
4711
1737
325
6458
831
1640
205
8818
8827
7661
487
2472
6821
5586
1499
2873
6697
2409
1824
4946
3134
1183
1424
8019
2066
1497
2252
6752
965
983
2209
6420
3858
2787
1139
5146
4568
2135
6188
552
6902
7777
5185
6617
1970
1727
5912
572
3905
4471
228
2615
6539
2342
1374
6515
710
4549
832
1449
8782
6619
8801
1005
1862
5624
7531
8179
6358
3042
6400
6841
2194
4551
6174
608
29
7410
2887
830
7232
5449
5883
1855
8301
5535
2761
4143
149
2872
4401
4776
975
7591
2142
2681
3483
5058
2649
8845
1544
6016
4434
5691
6866
685
7582
8682
4455
239
2820
2980
7630
5030
6303
6011
93
5389
2522
8748
5149
5064
4718
6558
2011
2410
6648
6936
8229
1602
5075
7933
1116
3512
461
4413
4943
1210
108
3992
636
779
4955
8405
1489
2632
2321
8189
8298
394
5016
2306
1102
7135
1129
5041
385
320
8278
5265
5340
8488
5088
1419
4695
2186
5406
4530
8507
5112
6530
6829
3043
2961
6052
3808
182
8828
5036
8131
203
8244
3470
1624
4039
3748
119
5154
2988
223
675
5312
6250
2743
8883
4511
367
3442
4007
5342
8288
2216
4689
8122
5404
3945
7909
6464
1905
8837
1311
1951
1467
2890
5104
8200
3884
8286
4796
8154
8393
3355
3871
1890
1828
2765
6557
5694
5138
7279
5314
5230
1234
7984
6672
3633
5614
8983
3438
2786
5153
6628
3648
1829
1345
8044
1769
3509
169
6010
4822
3294
3032
1676
3207
5091
8797
4617
6382
5218
22
1443
4739
576
1427
554
855
5257
6403
3152
3921
5334
7538
5736
5949
7089
6388
8064
8896
6463
1146
2103
8697
7641
1775
7076
5609
4329
4481
4956
4675
1548
1069
4056
3566
3329
7553
3287
5969
5350
2385
3067
8290
6835
43
6859
865
2480
6478
349
4805
1599
8160
2025
1569
963
5916
5466
7378
1957
2392
3836
8110
1907
8242
3150
1417
602
6158
8661
301
2132
5689
2659
8877
4247
6641
2779
531
5422
6638
7087
640
7155
7324
3775
3819
3597
1446
6306
7284
3894
5056
6757
3786
1679
7426
3773
3876
8004
4174
6427
5393
2731
71
7640
1091
3769
4877
6097
6147
1494
4628
501
5272
8833
6441
933
3448
6689
6833
7093
7572
6385
7603
8334
5666
3381
8460
4236
2810
4962
6612
6538
6675
1411
4304
2281
5644
6956
6894
2182
7319
5711
7696
3475
4418
561
7245
3537
3117
2966
8861
214
558
322
2647
2056
5049
4876
575
7650
6179
7637
2613
2303
1105
5554
2148
4910
4604
8513
2631
1999
5576
376
6766
2771
8989
8601
2867
2180
3246
5816
5242
4525
5930
5951
1716
1409
4320
8525
7186
6136
5069
2921
4714
8079
7402
5529
1900
2618
8068
5569
543
666
2476
5249
7504
3106
4134
7497
3962
8496
7502
1156
469
3196
7905
5602
5093
3882
1462
8578
4905
2273
937
4126
7126
253
6938
920
7025
1879
1867
7299
1839
5276
8868
1792
1777
7177
1113
1966
4104
4933
5601
7393
6210
3138
1030
7902
3098
3220
5157
3386
4640
7407
2714
5492
2746
4663
6046
5321
2699
457
3704
2724
3513
6536
8542
6631
1202
8534
1933
2117
300
8263
4369
5165
5598
5123
4969
8822
4253
7971
2876
3952
6234
4113
6877
5409
4137
2500
7094
5514
3687
7604
3618
6523
1842
2627
7866
3636
5999
4031
8123
3309
3506
1223
8777
3923
6440
4412
1453
1141
6921
3753
6459
8086
7492
2513
3907
780
539
6541
1827
3467
5399
1583
5481
364
8932
8367
7231
1360
4465
5054
1765
8830
555
2902
4523
8953
6621
6176
667
6905
2965
6830
7329
6774
769
5692
812
3726
8401
72
6462
4781
7008
2507
8764
2450
4846
7455
1751
470
4508
8005
4170
2781
8666
8859
209
8319
6510
422
8226
4485
6810
4271
7894
2417
2764
7711
8143
776
3464
3031
8232
1904
7437
1668
6116
8272
3219
1723
47
8520
1614
2358
3048
4306
4658
1561
6243
6350
8403
2245
7401
7960
5052
3542
5758
269
7243
5846
1452
4008
700
6791
7124
7208
1454
305
3374
6933
7686
3711
8624
8922
1108
3435
6720
3414
2363
5057
8390
6616
4756
8750
1239
7725
4386
2840
8501
1835
4686
2971
577
4005
1511
5934
6772
8792
433
3461
8869
1455
5896
6078
160
2955
6298
7187
6685
8492
2371
938
2039
392
995
6535
2229
4798
5204
649
6982
3387
6237
1795
4419
3931
1761
4522
368
1600
2625
6119
3346
7702
8070
6490
3796
547
4046
8297
5488
5433
6957
5797
4273
1559
1817
8694
4470
8419
508
7763
2129
3677
4683
8630
7266
1662
1631
4874
4744
4156
3545
7635
4808
298
2269
2682
8329
6747
2665
2815
585
2444
8132
5010
8424
8552
857
4032
5438
2849
7869
4238
1882
560
733
6709
391
6711
5608
622
6739
5874
8546
2205
1263
4185
8572
4858
5195
1582
1871
2206
7608
3062
4115
5800
3851
1339
5244
4168
713
411
6797
2497
7737
692
4222
8430
446
4149
7403
8701
1801
8541
598
2715
7109
3619
2188
1931
4652
7667
5539
8499
6379
7128
1660
3417
5645
3897
8188
8858
1949
6348
1436
1725
8752
8072
6576
5742
2136
98
155
7713
195
4873
6983
4952
1897
1719
2829
1134
843
274
5303
5480
173
493
1558
1175
706
2095
1128
8620
4216
4553
8892
7212
3821
8173
6770
4147
7151
8897
5097
2545
3302
6812
3290
2499
4565
4117
1057
7193
54
6596
3924
2089
1273
4872
1623
65
8783
4741
5222
5807
4673
4682
4802
3552
4759
7330
6198
2750
1335
6831
8265
1254
1029
7965
2029
324
2226
1730
1284
8976
5205
3122
6771
3364
4777
2538
2637
782
3840
5774
4538
4221
2534
2015
2143
2516
3351
3370
3319
5227
6310
923
6122
5955
8279
6655
2150
3637
5520
2225
7660
8207
8767
2418
1380
6912
8034
4429
8584
7699
402
1902
8461
1484
7274
6659
1909
2078
4118
4597
4335
1346
7892
7662
8305
3501
573
720
3303
7787
7217
1644
8516
3002
2244
6272
7586
8006
5491
4584
3682
2847
7721
1313
4672
3837
8571
2318
6762
5306
8483
6305
7371
7901
801
55
7926
6372
8381
6182
4892
7602
2423
2278
5293
8007
6261
3903
2390
7951
2508
8317
4421
5618
31
1314
1441
6257
136
4560
4162
6375
2536
1329
1682
8759
8444
2300
8369
7495
7560
3197
3529
2304
238
2757
3620
7345
2541
7181
8834
7389
6520
8604
3315
6492
3622
5698
5746
6003
3028
8554
5657
7833
5808
5998
1686
5634
7154
1893
5749
8082
3022
1083
6495
365
4448
2974
2603
6613
8522
3731
2710
6308
632
8633
7
7258
7465
3426
5307
3665
6359
4653
18
1056
8658
3576
5375
5079
7566
4641
8770
7634
6023
4204
2581
3375
36
4314
7645
3676
7175
1950
1928
4424
2478
4603
4983
7081
5665
1270
3963
3029
625
5337
7069
8937
2604
8299
5468
8276
6727
8952
1257
3988
6208
5282
2443
7577
7850
3978
3313
3780
7225
4072
7017
546
1918
6844
5864
8435
40
3732
4287
5557
284
4171
549
6293
287
7887
312
8790
5621
5710
3705
2605
3262
379
7350
3206
6867
7037
7986
4351
2320
969
1333
1678
3572
440
4332
5532
7363
219
2337
7679
2137
8350
3258
7078
5677
5526
3452
8636
8352
3404
8422
4968
1235
7493
125
2857
4607
5198
6045
1755
2510
3690
6556
5464
2362
7263
2900
4729
5246
8705
6266
4342
5304
6839
8681
5380
1675
8530
7726
7280
7171
5897
5489
4372
2668
4499
6941
8255
4813
2345
8094
7296
1706
4410
8609
5216
5395
1377
2339
245
2116
5417
5876
7970
7348
3707
2439
6543
3865
231
4383
7574
2504
8560
105
4520
140
8740
2408
8397
8057
823
6413
3119
6001
1963
4068
1915
6600
5294
6238
2016
2875
4869
580
820
6926
2825
7575
723
6092
3950
7840
4140
8273
7830
6376
7464
1375
3510
2319
800
3013
635
8258
972
694
184
2327
4456
2796
1291
1086
5841
4801
3843
7540
5928
5262
1334
1281
6970
1914
1048
893
8377
3216
5929
6732
5920
6343
2040
7421
606
3605
2509
6181
5654
4188
4942
8384
2438
7580
8980
5782
8370
4441
4664
8760
1861
1865
2453
4993
4506
5652
6741
3198
5611
1873
8615
6244
4016
8085
2908
4120
1793
8829
2382
6170
4274
4811
4526
4501
5538
8775
1307
8598
930
8190
4907
6682
4994
8820
3577
7539
5703
2845
5531
1669
887
80
4909
7466
8719
7470
6959
465
2580
1815
1780
7153
8247
2024
85
8700
5872
8517
3192
8806
1760
8080
1203
2973
3806
4904
7133
227
2178
3747
8421
6084
4864
6943
7460
4317
488
1517
3064
1469
1302
8199
3787
3793
4214
8936
5583
3760
835
6211
6679
7551
6553
731
605
8225
2653
829
4376
6006
6911
6087
7029
2193
1176
664
4153
2903
6582
7786
4824
771
1112
8652
3241
888
1003
5015
8835
532
2429
3601
2576
3484
8754
5799
2335
2255
6229
4965
6335
1948
5144
4391
8908
8899
4786
333
2877
1958
8592
5527
1324
6175
4049
7937
3625
725
8684
4772
7957
4141
7045
5260
52
5585
2220
8321
3341
1299
7471
6680
5233
4774
5870
6320
1044
7359
2383
4831
438
2160
5890
1987
4489
4071
8434
5771
505
8438
2176
754
3759
3
7822
8943
8046
2092
2560
3613
7930
8423
1023
7105
3408
533
712
8236
5735
432
3005
3473
1288
4307
415
91
1741
3061
2141
2571
1894
2264
4556
6138
5610
2598
1899
5947
6876
7623
4354
5938
8758
6968
2745
1869
1080
2401
7598
3763
5798
3634
5248
781
8479
7494
90
2290
6836
4564
1754
7338
7689
425
2434
3162
4127
5849
6254
8803
5190
7739
6904
5637
6021
1508
2375
3716
1061
2370
5451
7377
2240
1891
8872
1065
899
3626
628
4621
7535
4581
1643
5778
5803
5589
3327
7386
6469
1348
7920
2294
1832
3948
7367
7884
2544
5437
7038
3044
6802
1426
7134
3229
5447
5472
6636
6224
1833
2054
5316
1877
4131
8689
8893
4112
289
2533
3406
4344
503
6575
4361
3445
4109
6465
8291
84
8387
1978
5096
8708
4079
8787
941
6875
5862
3023
6862
3557
6840
3919
6604
3251
1573
8816
4054
2600
1937
4818
6883
437
6149
7558
686
7083
2859
1193
261
5173
2298
678
213
232
613
4507
3261
6067
8617
2943
8864
3562
2589
8464
5448
8341
6341
5699
2993
1402
2807
6140
2191
4394
5245
1805
3935
7499
321
2839
4116
6126
8724
2622
825
793
3436
872
1502
7882
32
2402
5022
2788
5074
794
3615
1483
8959
3482
7838
1968
1301
8014
3991
8463
3976
587
7157
6896
1018
4500
1392
7311
1264
1190
3210
3654
8281
1185
7487
6336
2037
7291
3880
1848
4037
8480
418
292
6355
6183
6843
680
4795
2784
2109
30
8794
5714
997
1330
3804
3035
4779
3373
5937
556
4671
7829
4426
3485
4937
7004
388
665
7351
6973
8904
5183
6444
2871
6265
6756
7161
5109
6054
1579
2546
1562
1280
5661
6742
2237
2411
5753
7935
3809
3703
4715
7140
8470
1153
6457
8527
3507
4289
4111
2126
6367
2525
5208
6919
8058
1655
2579
2592
8332
5619
1317
1791
4504
2214
2330
8614
8607
7347
3021
6868
3617
6288
2543
2498
3491
1594
6217
6479
2916
1336
7215
757
6507
468
46
1022
3424
6407
1415
1461
8882
2744
8934
2310
8637
6931
2585
798
8219
419
1906
8919
5102
2062
7736
15
7136
5008
5843
3879
6837
4807
2164
3914
6049
2063
3123
1493
5212
5171
1881
7100
4169
7615
8259
8884
6327
1945
7969
6780
4666
562
5226
5024
4963
1451
1025
861
1435
5103
317
311
2020
5936
7459
8071
5095
6113
7505
4782
3556
7007
8077
8237
6624
7033
2293
6754
864
3985
4324
4719
1127
486
4286
1758
6793
1251
2680
7442
802
7843
8078
6681
6476
3468
5865
8529
7342
2219
8074
2638
3182
6961
1353
1940
5777
8015
5773
177
7526
7436
7731
3149
818
1286
6034
5206
4468
1788
8785
6411
3596
1981
6082
2171
4879
8275
500
1580
8204
4213
4208
1993
3427
3998
6386
4885
5378
6461
5362
4114
8168
3466
2805
8468
8805
2489
3972
5065
2626
466
3369
900
5548
6511
3274
4145
247
2051
2562
281
4396
7597
5945
6314
7817
5167
4133
4368
4770
4878
2161
803
4165
3378
4084
6633
8116
6004
1197
3154
6024
3444
4227
1936
8455
5039
330
1274
8881
5750
7309
1404
7160
1852
4219
7228
4155
7067
4548
8445
7941
202
3240
7293
1530
4416
3477
2797
8813
7334
3454
1656
821
5082
629
7791
1705
1979
1498
4097
4466
8668
4073
661
3539
615
1629
2602
3669
4389
248
4475
3832
7584
3214
2433
3275
5840
4745
5940
2843
3847
7755
7327
6657
3059
194
4787
957
6758
5019
6552
3666
518
2003
4690
4034
2936
6221
530
2995
6130
8217
5574
741
2140
4251
5386
1724
7533
3141
8166
4810
5253
4594
4144
3702
3543
1279
4233
327
6838
2885
569
8169
7473
8177
1322
7596
2144
1768
17
1341
745
3970
6678
1151
2236
5441
2574
295
8566
4919
8211
1622
8327
7082
6095
8144
7270
6855
4103
8125
5667
6068
3942
5524
5894
5537
7054
1388
6761
3694
5412
4966
1863
985
5330
537
8295
5981
7362
3413
4766
885
3794
234
2677
5682
3642
8966
5193
4820
8471
2609
7691
6299
7211
5251
8838
133
1212
6981
3768
8378
7688
5011
1919
314
8971
2426
8454
6986
5497
5909
6323
5688
8778
6137
142
5717
871
5729
1230
7335
3014
3550
210
400
799
6547
2122
7563
6018
2099
3292
2157
1351
2643
4927
7877
6419
2676
6471
8955
7463
4659
2654
7405
3265
762
3544
3820
8840
6800
7524
8981
3845
4293
8964
7958
7030
1298
6723
6333
1039
6665
566
3971
8002
6550
8386
7716
8848
8979
2645
2950
4373
2197
4395
4626
7567
276
4172
3848
2355
3416
2539
164
8954
630
5498
2518
1798
5968
5560
3584
3782
6020
3520
1395
6360
8469
4558
6236
3717
6485
6738
8978
2679
2946
4192
739
7201
2977
3180
1087
2596
6609
1804
1123
6214
4915
2274
2419
6312
4453
4300
7255
6907
6846
3842
2814
8413
6969
4916
2268
5355
1628
2768
792
1306
526
7170
4164
1218
4863
5635
3379
717
7841
2391
6817
8336
6884
2578
7522
2901
496
886
8586
8619
361
617
2341
6124
336
8114
4258
987
6017
5628
8696
45
4980
5967
5429
3250
2185
5740
6313
5813
6279
2451
1412
2789
5641
1004
7868
2660
4209
2329
2336
1680
481
6195
5720
5775
8124
7044
5964
5359
3964
1
5642
1601
6979
6917
7594
7621
8400
8292
5373
5013
4595
338
279
270
6169
5232
5366
7863
5779
1124
1639
839
1526
6135
7757
1567
3695
3217
8355
1255
2909
2913
2043
3027
8267
4173
1090
8589
5913
4891
5794
3003
7511
5620
6042
3345
7474
2305
6325
8926
7617
6100
1836
8940
8602
6593
5027
919
8105
3841
6222
5130
5983
4207
3040
6154
4086
5284
2850
3497
6435
1047
2964
2824
6661
4288
2208
5900
7118
620
4355
904
1568
2939
6823
199
5564
1042
6729
8680
3046
1180
2648
2561
5541
6487
2968
2856
4449
4972
8938
4552
4215
2799
2696
3112
7449
7835
206
2432
3801
6588
6930
7458
3965
7026
6197
8707
2759
7354
4592
2301
6283
3343
6572
5805
6437
6861
3823
2515
6740
7440
4420
8069
1995
4494
7000
7422
4195
7015
8796
4886
672
107
7130
5757
5207
3110
6115
5725
890
1837
1688
8411
7715
4635
7313
5166
6568
2770
2286
3834
6070
3190
8564
2918
6401
5549
1150
6967
88
6338
5950
4393
897
805
1884
5250
2606
5187
5918
148
102
7565
3868
6703
3535
5055
5638
5219
1205
5744
81
948
5297
3489
5603
559
3893
382
2819
6932
7606
4051
2367
3053
7265
8662
3523
1997
3852
4546
4223
1035
4295
3502
6915
6579
3594
6267
1982
4554
1785
5956
7619
3887
4294
478
5962
668
4773
2428
471
4988
2053
393
4028
5903
7871
3322
6925
4399
3986
4836
3649
8728
6498
4206
7060
4703
3743
3312
7445
6683
4630
3038
8017
3632
8366
8720
3592
2952
5837
3326
1363
565
7692
8851
1272
2455
5051
784
8252
599
2612
5910
8373
1539
5507
1063
6209
5168
5908
862
7614
1742
7649
6278
7989
603
4881
424
7779
1941
5431
4367
6033
1201
3937
7698
2118
3020
2283
4731
5673
268
7959
2684
8398
8149
3069
4679
4875
3646
4815
2593
5787
5320
6280
1135
8308
4902
5161
5078
1058
2979
1524
6728
4232
4198
5580
6934
4087
6759
3016
949
8508
89
8135
7925
4619
4075
5857
535
5159
663
7268
1344
6519
1810
4009
4415
5136
6623
7275
3757
5140
1242
8915
3252
7230
6235
8376
1648
8634
5971
5376
1188
7384
728
5066
5044
2553
8136
6581
8098
674
6753
4085
7928
3234
8903
5398
506
8514
86
3749
7113
2702
2741
7356
4681
1477
3228
1577
8220
7432
459
5793
4702
7859
3000
2933
8443
8521
7813
3205
2397
2774
75
1845
1103
2634
853
8667
6971
4027
4713
6622
6035
1870
8099
681
8762
8126
6908
8223
4918
2583
3295
8945
5487
8742
3399
4825
688
7919
2230
3674
3839
5128
834
7240
1244
6517
2882
8841
3393
4202
637
2694
3737
7195
215
7441
308
8725
8040
4210
7423
7174
5363
2130
1355
5648
7643
369
4310
2729
7411
6281
3288
8497
5352
7860
1762
2597
6071
7727
7006
3233
1821
2023
6121
3390
99
8361
5471
655
25
5966
8262
5114
1813
6976
1186
6007
3169
6450
6924
5317
8325
3770
2927
8348
4339
1770
2445
3567
2279
714
436
2275
3727
5990
3735
5089
1182
6316
5810
4521
7964
7946
1985
5328
2629
2324
687
6133
8035
455
5686
738
4249
5708
6381
3982
8985
8395
8821
4467
6658
4606
10
2470
5040
6172
7137
3561
7762
6477
4691
787
5568
3640
6735
5575
7952
1564
5679
7385
6332
3524
5926
7306
5664
34
479
4906
6380
4517
3554
4746
2361
3395
3307
307
7793
7799
2751
2783
5835
8664
3073
2257
2899
6721
7110
5060
5034
6204
564
5255
796
5113
1750
3860
8729
3934
5802
3391
2420
6776
2954
735
8174
6247
4828
3347
6311
3895
5884
7391
1611
3688
1160
374
1708
8683
2610
2111
4278
5299
6399
1563
6159
1098
1040
5759
7009
3361
4015
3227
8562
877
1297
2666
7772
4225
8456
915
7633
1698
2732
111
5931
4940
6856
297
1764
8673
4984
7290
7303
3739
383
6518
7774
4791
7049
3136
3785
4991
1674
497
1578
709
306
2022
8039
1515
6291
7023
5035
1107
2272
541
5327
2128
4119
6963
1901
6259
6730
2675
8518
4196
3531
7564
8865
4643
8992
3083
4571
5917
7476
8674
5225
7223
7088
5627
3534
8224
3015
1570
6693
1910
1574
6618
6015
3742
8391
1342
4868
4753
1847
7706
1285
4893
648
3818
224
5477
2452
1645
431
4464
4450
3335
2855
1198
6643
7938
5985
5513
4136
8280
7747
826
4835
6939
5273
7888
6383
934
6500
201
8795
2036
354
3911
6794
2951
1332
2683
1916
1213
7844
524
1393
4562
2069
4997
3213
7246
2107
8817
5062
809
4631
7723
296
6615
768
8531
3724
193
3547
2752
1557
5992
5338
7552
6664
5178
5558
6077
1410
3563
8346
3667
4534
2262
515
2404
1938
6704
8537
3068
6790
5360
2249
352
2704
8054
3825
7823
4052
20
3683
2146
1606
4366
5888
4347
4491
1166
2953
366
3813
4292
8233
6751
5174
4579
7618
5432
8574
4423
8452
6671
6173
7234
3397
7400
7278
699
4417
8320
3699
4819
7043
3433
5550
4492
1074
1532
278
2621
8182
4547
7486
3504
6696
7788
6799
2435
7064
8591
8360
6610
6275
4634
6764
2106
6857
5061
7979
4613
1844
7695
2309
647
3802
7390
3526
883
5215
2110
8061
786
4780
6649
4187
6942
7156
410
3994
8404
695
4296
126
464
4938
3495
1652
7626
892
8621
1459
1637
1790
6416
1130
3353
4572
6719
1031
2012
159
4064
4648
8732
5456
8257
3419
8543
4402
642
1812
6521
7316
4461
2713
2059
8570
1605
4890
7831
767
316
6691
7346
612
2064
6225
362
910
4053
6980
2896
7732
3608
8646
8649
5192
5043
6248
4544
5323
2664
2138
7014
3866
2646
5996
1089
2328
3291
2165
2421
6667
4082
1439
7111
4649
6167
2010
3034
5313
337
2892
4917
7904
8900
2046
3199
4328
5986
5413
2644
652
3602
7252
5770
4814
4035
6425
6611
2608
2588
5285
8089
3578
999
5597
916
3589
6287
2959
5858
3548
3853
319
8780
8458
6763
7912
2100
6422
5763
6654
8551
2437
3514
1206
795
6105
5809
7254
3356
2323
2359
4364
521
3745
6885
8145
1358
363
3730
6995
7236
6199
4191
315
5754
7639
6509
3389
5072
8432
1466
1013
4248
6864
1618
1059
1444
962
2387
1592
7250
5047
4458
265
817
3245
3870
7176
4687
5367
3332
2848
7910
7237
2302
101
8695
64
8407
3795
2018
5385
8374
8743
2189
3299
183
7768
8256
2685
7950
614
3929
3609
6801
5989
5668
2528
7016
2706
8536
1964
1413
7247
8502
5170
8608
8798
346
7854
7269
7746
3807
4929
683
5504
4067
3718
1111
5632
8167
6781
8600
5053
911
5607
3278
3651
7769
6322
2532
1325
3503
6725
708
1990
4193
1425
7800
1309
8326
7182
1460
7047
1864
8447
421
8733
5898
6750
8524
7966
7977
1354
1406
4102
3644
7292
3226
5450
188
6368
5919
6603
4545
1736
1081
4656
1977
78
7543
340
3532
7559
399
2960
2381
1781
7936
2152
4308
6242
866
4925
2251
8773
6571
7743
6635
6694
967
1500
4596
7785
772
2399
6307
4964
8788
5493
5536
5126
677
5791
6529
3779
5169
977
163
3187
1365
1887
4183
6749
7701
3420
121
8968
8657
3105
7980
4090
958
1171
1319
2492
8156
2866
3137
7978
6132
5626
6059
1148
3701
2254
6715
8021
7372
4023
7865
7913
1468
1720
4336
6559
1673
5469
582
5278
3610
7256
3900
4409
7581
6634
827
82
8171
6342
1701
5277
4816
3947
1670
3301
6952
3337
5080
763
8927
1543
2775
1292
8948
7881
8613
7304
1394
6506
2842
880
3579
3235
5933
3410
1971
6296
2874
5863
4605
1952
1718
3421
4616
8261
7625
8253
6625
7117
7537
1437
2802
154
2446
127
8757
2333
882
2722
6974
2213
23
4411
7010
1771
1289
988
716
1717
7425
6253
6389
8056
8711
2963
2334
1980
4748
8354
5397
8425
1162
1097
8090
12
3494
6548
3692
7824
6886
3658
996
6527
8616
7705
4928
954
7754
3097
8324
41
7238
1310
7703
7368
283
3540
3961
3372
6317
7427
5905
4
8380
1989
2517
1504
6918
2007
1027
5525
8249
3055
4371
7098
8119
6460
8201
4340
60
2762
946
7707
6768
529
6290
4566
7415
4867
3659
8482
6710
6533
1432
2086
4944
1974
4677
5
1430
8485
4838
198
1748
2424
6626
5298
5700
1752
7192
8364
6354
1664
2311
7600
7112
3598
936
1800
1147
3376
7895
211
5848
87
5647
2619
7682
6406
6474
4979
2858
4662
3549
881
6798
1133
6887
1372
4674
858
3024
5100
7880
8163
1943
3157
8095
7985
3975
318
5094
935
2577
5356
5731
7659
2937
2886
8779
7063
785
3007
2488
1011
7547
44
5512
8306
8580
8811
3305
589
5734
7344
8450
2316
6080
4914
3591
6031
7999
3336
7886
7624
2697
8388
3886
846
4931
8894
1331
7061
7605
1782
8846
2253
4392
952
8066
5571
1438
3856
6319
6453
8866
1534
5286
6503
8855
4044
849
6000
8548
5379
1261
294
7218
650
2364
2565
1803
1807
5577
3645
3017
2403
1096
1002
852
3874
2006
3271
3679
8947
5751
3297
4337
4839
3242
7900
1912
8491
6162
7848
5612
2265
5460
4284
4901
2928
2227
1243
1486
7781
5761
6120
3243
4302
4842
8810
6451
8690
2041
3850
928
2798
4129
1787
7239
4301
1209
2934
6748
5506
272
2467
5958
8214
37
3788
6853
4639
4081
6803
57
3917
6047
1448
6346
7548
1746
4884
5383
5457
3885
5646
5866
7542
8141
1522
7172
1825
6879
3384
4382
42
4487
5655
571
639
3721
8162
3766
3001
1227
5045
7285
1560
8655
2440
6391
7184
8210
3124
8449
6669
6418
2865
7842
8362
1653
5991
4694
2801
4599
8839
3913
889
1776
1340
7210
1021
5631
8310
397
2551
1099
8428
2057
2379
7668
6784
4505
2183
8446
5009
5847
5349
2005
109
168
5885
5434
7546
417
6032
3425
7968
5790
2894
4887
1541
1009
5772
5732
351
2506
2811
5387
2633
6410
1066
4650
7805
8049
5924
5131
7121
7072
1418
172
5767
6978
1697
7294
4105
931
8048
676
950
7387
5547
8241
7123
8540
3434
7782
1872
7541
6013
1585
2076
1389
4334
1378
3681
1259
5486
4122
1092
3968
1464
2259
7376
2738
5670
7373
3657
1555
6850
5856
3231
4967
7414
5595
2223
522
5394
6484
894
3338
1523
5335
2948
1740
2570
4609
3459
7861
7680
4012
103
5892
8335
5495
3431
8672
7811
2263
2737
1709
5006
3728
3655
1326
174
3004
3685
2705
1144
873
4098
6339
570
6334
1398
8911
4269
4377
7940
7783
6954
3946
5695
4685
8016
2852
1247
951
702
8152
4655
2639
2028
5685
8776
4563
3953
7397
2707
1241
5063
6201
5099
8999
2235
7948
2430
8140
8103
6241
623
8931
2071
7898
8962
2756
3993
5120
5115
380
5722
2930
8333
3135
514
6594
7770
7108
8585
4309
8995
4602
3306
4380
147
5403
3920
187
3932
6544
6089
2067
1779
1405
4680
3128
8853
4600
3599
5764
2776
6050
5137
7115
7797
4856
7590
5630
5463
7484
7530
4880
7839
891
6309
5369
1514
4636
7461
170
8850
3771
4755
1692
2566
2038
6060
7433
7914
964
875
3973
2767
8558
5311
192
1876
3256
5470
7364
5343
3453
1082
8538
6255
3715
4138
6315
8993
8583
3080
3933
7496
841
7982
6079
842
3211
7738
6432
1843
3465
3010
249
8372
7685
8418
372
2947
6493
8928
8195
5596
4438
7671
4498
2297
370
942
5087
7638
7159
7664
4528
1485
7631
1925
257
7651
2690
4821
1343
70
512
3084
3051
7477
8556
3066
4045
7681
4033
6540
5440
8587
3573
7349
5401
5503
7027
924
6446
6456
7301
2662
3328
7090
5243
5017
8528
7592
5567
7479
2284
4727
4490
6999
4106
943
7317
7570
3756
4325
5649
8867
3479
1641
6066
4159
3909
3255
527
3041
7046
1806
1323
3218
3142
8761
53
1661
5461
4706
7587
3536
5651
6795
2841
4629
430
1045
6065
7907
2482
2521
6371
6898
8315
1859
4527
5203
7521
5068
3789
8670
1371
4866
2332
8196
1763
6700
7229
7321
3339
7889
489
3349
6436
4559
453
8414
3698
984
7997
5769
6252
8206
4130
6053
7893
6392
6144
2139
4625
7103
6707
5295
1654
2897
8337
8344
7369
8159
2422
6865
3859
6009
3456
8314
6601
6878
2407
3344
6118
2535
4211
6560
4280
6081
6566
7981
141
1927
1095
2270
3830
7993
8849
2282
4316
3385
4076
8251
4651
5133
2234
4319
5076
6318
607
4826
3857
3555
2809
6470
2720
854
4710
7101
5712
3673
5875
8736
1159
3488
5640
240
6962
6331
8109
1238
808
989
8010
1621
4644
1224
6160
3709
6200
1433
579
8441
3511
2978
7646
7339
5579
1007
7911
8176
6699
5907
7365
4242
332
6069
434
5322
8093
511
117
6892
610
8533
6256
4437
6038
816
4974
3403
3881
3236
3085
3981
4374
4761
8379
441
8997
7241
5475
2239
50
4281
6586
153
8593
7576
5038
2104
8612
3318
3764
8789
3208
7942
1694
5199
8026
4987
3185
2889
927
5515
4250
1537
4888
696
2366
3173
7314
5213
6447
7132
1067
3077
4806
7694
1956
6860
1868
4254
5706
2922
6099
4004
2573
2115
2158
4823
4817
1118
2524
2555
3838
6041
8453
2250
5546
3423
978
2131
7337
5439
8356
3639
6321
2661
7628
2378
4256
6466
3144
4151
4181
3675
5553
384
5584
8396
4725
1546
6064
5776
7264
1857
660
448
1729
1889
6171
4692
1315
5358
2881
8147
8130
442
8825
242
1667
5478
6421
1077
4637
4827
874
6977
7273
4017
6585
2376
6393
7011
176
3120
3458
2748
4345
2734
5020
1155
1926
4809
4261
6966
5423
3831
5310
3582
7138
6443
8576
4721
2351
8763
4660
1744
3600
3752
7932
6156
69
4239
405
4970
3057
8172
563
7760
3065
6141
7444
8702
2291
3282
4006
1233
6567
879
389
6807
2369
8363
6870
3317
1050
4161
1312
7260
3966
5374
5977
519
2475
7745
4323
6423
8902
6191
2898
1041
3422
4298
118
7599
1603
3167
6502
2736
2190
6599
2347
2466
7890
2862
5756
8967
3867
3202
6903
3783
3359
6231
5129
3365
7213
8717
671
3360
256
8933
3521
2804
3855
6769
2481
251
3799
8222
7220
6873
4083
8561
1932
1457
4201
7036
5792
1187
6284
4432
2179
8382
2942
8091
3418
6590
5834
5018
5026
2211
7450
3530
476
6226
1267
815
4883
359
1973
6351
7221
2181
197
2468
6005
5485
8553
112
7534
860
8067
4763
3710
6910
7468
6608
7197
6326
5402
7198
267
8709
2985
2081
4158
7629
6286
6573
6549
1961
2926
908
2791
6551
7983
2170
5822
2491
8165
5839
3604
1028
7826
6150
8271
3177
4736
8111
7961
4451
6387
2080
7673
2380
3450
8153
3132
6848
8569
5943
4740
689
2048
2987
8721
4212
4620
4959
6129
4533
4978
6227
627
138
2590
2956
1122
3030
2338
7336
7870
5871
7166
5786
2267
8873
1204
7879
6589
5850
6274
4960
1553
2861
262
3264
463
6777
5318
8472
1350
6230
5384
6363
7370
4436
2412
1271
2628
4923
4735
974
7041
8008
3873
2563
7021
7051
3910
1953
8627
2441
1820
6990
3863
7775
6674
5788
8626
4908
3719
2986
774
6832
2846
953
492
7500
2348
5191
7058
2537
7677
4493
1191
5291
8812
6434
7545
8676
8433
6481
557
2711
4945
3107
175
5978
5443
1903
4224
8573
7744
77
7286
1690
3926
746
6804
5046
7609
2322
1016
5743
8956
2667
4025
2753
1713
4322
1184
4941
1125
5820
6074
819
4889
2090
5188
2749
3478
1566
5309
5002
5084
591
705
8577
7555
5182
2091
5418
7178
3607
8751
6036
3983
6834
1381
2708
7595
5984
3816
917
8703
6546
5400
1681
1282
1535
387
8815
3744
2474
4717
8349
6811
6627
3279
5254
5573
3225
4778
7288
2442
5976
2915
2658
4350
8000
4343
2812
8847
5987
4040
905
7481
375
4707
1384
912
8747
1983
7469
5505
8041
743
981
4408
3165
3706
3239
1145
7995
5267
7620
8023
3449
4573
1732
4398
5127
6282
7074
5836
6632
4518
5508
3977
2199
4799
6992
7759
653
4557
4728
2795
1109
8183
6415
8466
7380
2813
8484
5509
2907
8599
6927
4747
1043
8209
4283
5683
5982
4338
1831
4030
5111
2212
7340
7720
8885
3171
7352
35
6063
5292
6044
6985
7310
6826
4446
8618
1892
7611
3890
4693
5588
3455
2416
8994
5678
4847
7404
734
2425
2413
3498
377
2755
973
1883
5811
472
5435
2459
1196
6452
8137
1538
8031
2854
1525
7507
8836
7730
1117
7944
1586
6508
7875
1164
609
8832
1849
4574
8294
1219
3650
2154
7510
2019
2635
4894
1012
5301
2717
1616
5716
4654
5727
5122
2780
550
191
5407
135
8623
5351
4712
7168
755
7005
3722
3833
1396
8075
4179
6239
3751
684
2586
525
8535
3342
1149
6075
1895
509
1584
1802
5922
1743
1037
5815
7874
4676
5570
2616
4976
63
8958
1620
1245
1084
490
408
4926
1207
3409
6716
8001
5636
3568
1684
5914
6644
5821
5552
8581
3580
3889
233
1370
4026
2782
7583
7949
2835
6806
8939
6874
1373
3153
1471
4124
644
5880
5180
2941
8526
804
4775
7792
5523
3412
8107
3630
8871
4246
2196
1421
5083
2906
7125
8734
5522
331
6712
5860
8052
2967
1347
3193
5135
1659
6563
6783
5410
5521
8875
2464
2970
6268
4228
4299
4425
2989
452
145
3714
3941
7654
4311
3883
3496
3713
7457
621
4591
6439
8478
8713
3663
6251
1823
302
806
2277
4264
6057
7896
6880
844
7162
670
263
1078
6117
1715
4738
6607
8977
1073
4428
94
1391
8647
1423
722
3943
729
7773
540
3969
4684
5730
1627
2242
3697
5899
8134
3508
2119
7392
3918
3689
5201
8756
8202
7515
6448
6734
4200
6246
8831
5855
6950
7753
2456
5181
8157
5957
5671
5484
5482
7585
6501
544
4186
4478
8726
8671
4697
1613
2727
4479
4197
7439
8410
7095
3363
5904
3569
3492
2471
8515
4900
3490
5455
588
8745
3113
4803
5952
8814
619
641
2851
2735
6997
6562
8603
5042
2530
6347
2027
2112
406
947
2201
3888
4783
5319
1249
2248
5228
4378
3938
4452
6345
6733
1604
171
8420
8269
3371
5616
4585
5690
752
96
2542
474
7318
545
1597
4121
7750
836
7513
3611
5545
7146
6228
2357
4011
5906
2049
1850
8043
7489
5542
8050
8914
8459
7120
2308
4263
6504
1221
1157
2917
6989
6580
6139
5556
8749
3575
7355
2325
5946
4313
190
3790
2032
6512
6726
4447
8481
8679
7523
645
4788
6900
4667
1416
4768
5279
8208
3922
1017
3429
1253
8457
5336
4578
1237
6953
8218
8988
2891
8340
6455
5454
122
7180
491
8383
8918
7472
7503
7825
68
7438
3684
5693
2013
604
7776
8699
8092
7222
4431
7683
6496
1476
1397
2572
16
33
658
8465
3904
6922
207
4954
8409
4290
2296
7516
8027
7119
8353
7693
371
6215
1704
4845
8451
4379
1994
3147
3585
6277
162
7931
2984
8185
9
5419
1179
7227
4645
6329
4977
8557
4142
7853
1034
4180
6858
3163
3325
8221
5007
8786
360
7820
7070
1826
7131
8800
3723
6630
2642
1789
6083
5037
1349
7490
3815
2354
3906
7075
7312
833
6098
922
896
6185
3653
3755
6245
4767
7733
3166
8328
7569
4101
7057
3286
5347
8106
310
5845
280
1642
7648
2217
24
4305
4107
8198
3944
3394
2485
992
110
2083
3686
3500
5121
6666
4262
3583
7512
3405
1024
1366
5680
5494
137
8519
3095
7708
3811
1960
1229
4992
2431
5252
6048
1796
7042
4154
7544
1054
7357
4148
6151
7127
3103
8935
6564
6088
7562
2192
4764
6705
3009
7150
2501
4199
6328
3143
4404
3635
6429
1634
241
1846
3340
2394
4405
1293
180
5186
4189
2414
8260
4096
4024
1635
3672
4457
2730
4587
1929
4575
8331
1318
6785
2
3072
8277
353
401
3060
7302
3624
5332
7722
8610
1858
5098
8973
5594
6646
1305
8032
4921
1699
2860
1954
1955
343
3925
654
5889
2343
8824
740
5416
4043
5988
3037
7709
7622
5345
5832
1208
1136
131
6365
7173
1707
3784
5861
2374
7674
1733
5789
1140
4700
38
1403
848
2177
6639
1194
704
2923
7080
3115
6746
1232
4357
6975
8231
5223
3050
8368
1316
6076
2079
2365
3204
6522
6205
2218
2723
2204
5785
151
4502
1866
396
6724
8693
1266
3849
1328
1142
8879
5518
1075
5483
8843
2326
4375
5453
1609
39
3606
8194
2733
2147
6916
5048
1677
4948
662
8512
5077
1671
6955
2673
3039
2540
7145
3018
2101
7836
1465
4588
398
7116
2564
5806
2940
2975
4733
4688
1240
906
6025
2992
120
4953
462
1647
7508
7742
6473
8394
1407
6152
1480
5428
2093
1917
7924
6218
5944
6871
2285
8486
4387
1721
5348
8631
3824
7803
3298
7922
4349
2972
4477
8495
4705
2224
5025
5838
8854
7163
6165
8730
3267
7032
3151
2017
2740
8737
2145
4769
5235
4397
3621
7610
2531
778
520
3263
4272
6561
6186
2060
7593
7322
7955
3362
1860
5263
8477
4279
2938
6480
6584
3089
8053
5001
7498
1472
7214
8009
485
6656
8476
3170
2454
277
5852
8942
8665
484
4642
5705
3797
8769
3522
3891
8500
1711
6988
220
454
2709
1189
7205
1268
3357
7478
6216
6869
1506
3047
4840
7199
8544
4123
6788
5118
2388
5234
7891
7235
2289
4750
701
581
1959
7341
7554
847
5718
1529
6482
3249
673
2195
4590
8826
458
4829
2620
6109
130
2692
7710
2726
7430
4019
3927
8972
3565
8687
5364
4381
8266
6111
7343
3127
8710
3086
4440
7652
1595
5593
6269
2747
7185
2232
3052
2758
2156
3079
5107
6779
6744
5543
8874
8651
6142
8799
1649
6378
789
1055
2243
8986
7147
1658
386
4435
5442
4911
2766
2821
5973
2200
6096
6872
447
3443
4077
8036
6349
3101
6043
3074
1071
355
1710
7416
4580
6146
6592
6220
6260
4981
2611
2207
5119
7323
246
1215
2315
7918
6935
7991
737
4385
5812
5566
2828
4362
8197
2105
5445
1572
8862
1072
2210
7164
6433
2261
6157
5368
1290
2127
7525
4586
4100
6153
2486
7282
3814
8870
4059
693
1687
5738
5625
6863
3140
8284
4217
6614
8597
8738
7644
921
6928
2047
7647
2519
7816
8264
1516
4529
8475
7129
7143
6131
3056
5108
5341
3660
5939
659
2000
2238
8505
7766
1442
229
1220
4833
4160
959
8180
3571
1106
8640
5915
8303
8889
711
1731
4999
7684
6008
5110
4541
6670
766
8944
5747
4720
313
3108
8984
2094
7253
1783
6489
2932
2969
3008
3616
266
8427
167
1361
282
3070
1252
4932
523
4897
6914
3990
350
7749
4018
8083
7066
6819
3574
6713
698
1137
3736
5176
8416
7315
8338
7091
4036
2636
5544
6155
1505
6304
5371
1734
3266
6337
1663
982
8727
1714
7233
5194
275
2725
5591
1617
2655
7801
8677
3967
8907
6899
4080
473
4633
2487
5005
3741
3354
3864
8097
1492
1693
7897
1593
2307
5902
4751
7267
6014
5959
5833
7740
1337
5499
8042
6684
4175
8802
6996
8115
7203
7308
3087
3272
1051
7099
791
6909
7018
867
7276
7872
5302
5830
185
303
773
7295
7765
7399
2703
8941
5605
7748
6595
3025
553
1475
1888
3826
600
736
3270
1463
5766
3912
5381
5050
1691
2816
8238
6428
4696
165
2280
7819
4047
8270
2838
1921
1797
5388
6782
6213
548
6737
2436
6815
6145
3172
760
8774
669
4439
8970
4730
8891
1700
788
3222
6528
449
1379
5719
1228
6701
5723
4443
5954
8611
7035
1277
4315
2484
597
4669
4021
6598
4055
2203
4804
6103
6240
8704
7065
7452
1367
4851
3958
83
14
8606
2465
7796
6597
2505
8739
329
624
5762
4407
7289
2864
8474
1062
6789
2826
4765
475
4790
7795
1195
6264
7052
4244
8741
8117
8155
4519
6202
4463
4895
7867
7204
721
8669
2999
7767
5925
6404
2187
876
3439
216
8161
5993
4245
4737
4947
5274
3678
5826
8746
7954
8511
6396
6491
7381
3777
4297
3798
4326
6731
4099
2721
1896
1809
4830
6086
7272
4850
3221
8150
3803
3559
1440
2398
3959
534
4614
1920
1575
5145
348
8653
5783
7627
2511
2663
707
1666
2396
3093
7632
3928
7055
6545
1685
3382
970
2976
1935
5296
8639
2462
1163
4042
5175
8081
3257
3680
3734
824
697
4427
8960
3284
5258
968
4622
1886
2556
2352
5014
7712
7190
7396
7096
1947
1104
5511
7953
3661
7462
8096
8493
8313
8358
477
528
513
5844
76
8771
765
5713
3822
6972
7107
7219
439
5021
6384
250
3366
1154
7827
2461
1939
3049
4792
1100
7717
8648
8675
814
5674
8663
5733
7144
5748
5617
1169
3995
960
5828
5106
7536
5105
4749
7248
955
4852
5942
4535
4469
3980
840
1357
5353
6993
2833
1401
4716
1519
7714
6397
92
5392
1875
3792
6987
3862
5315
7169
4698
4132
7741
1632
1177
1478
8895
3380
2822
6445
5305
8685
373
4752
7607
1540
1650
3810
4513
7019
6526
4363
3437
8003
7976
7549
761
8905
2276
5895
6786
901
7573
2256
293
3145
4091
4061
2739
3463
2599
420
5676
7856
4797
5134
6676
4220
1046
6276
6525
6645
703
7636
5224
6767
2052
7589
7518
6056
3631
4406
2360
4726
8844
7916
2994
3469
7073
1880
1338
5572
8559
5873
5163
7514
409